run_id,step,prev_neutrons,neutrons,next_neutrons,prev_keff,keff,next_keff,classification
1,0,-1.0,5,11.0,-1.0,-1.0,2.2,initial
1,1,5.0,11,14.0,-1.0,2.2,1.2727272727272727,supercritical
1,2,11.0,14,22.0,2.2,1.2727272727272727,1.5714285714285714,supercritical
1,3,14.0,22,37.0,1.2727272727272727,1.5714285714285714,1.681818181818182,supercritical
1,4,22.0,37,46.0,1.5714285714285714,1.681818181818182,1.2432432432432432,supercritical
1,5,37.0,46,55.0,1.681818181818182,1.2432432432432432,1.1956521739130437,supercritical
1,6,46.0,55,50.0,1.2432432432432432,1.1956521739130437,0.9090909090909092,supercritical
1,7,55.0,50,34.0,1.1956521739130437,0.9090909090909092,0.68,extinguished
1,8,50.0,34,35.0,0.9090909090909092,0.68,1.0294117647058822,extinguished
1,9,34.0,35,54.0,0.68,1.0294117647058822,1.542857142857143,equilibrium
1,10,35.0,54,48.0,1.0294117647058822,1.542857142857143,0.8888888888888888,supercritical
1,11,54.0,48,62.0,1.542857142857143,0.8888888888888888,1.2916666666666667,extinguished
1,12,48.0,62,44.0,0.8888888888888888,1.2916666666666667,0.7096774193548387,supercritical
1,13,62.0,44,42.0,1.2916666666666667,0.7096774193548387,0.9545454545454546,extinguished
1,14,44.0,42,51.0,0.7096774193548387,0.9545454545454546,1.2142857142857142,equilibrium
1,15,42.0,51,64.0,0.9545454545454546,1.2142857142857142,1.2549019607843137,supercritical
1,16,51.0,64,27.0,1.2142857142857142,1.2549019607843137,0.421875,supercritical
1,17,64.0,27,37.0,1.2549019607843137,0.421875,1.3703703703703705,extinguished
1,18,27.0,37,41.0,0.421875,1.3703703703703705,1.108108108108108,supercritical
1,19,37.0,41,-1.0,1.3703703703703705,1.108108108108108,-1.0,supercritical
2,0,-1.0,5,6.0,-1.0,-1.0,1.2,initial
2,1,5.0,6,16.0,-1.0,1.2,2.6666666666666665,supercritical
2,2,6.0,16,26.0,1.2,2.6666666666666665,1.625,supercritical
2,3,16.0,26,44.0,2.6666666666666665,1.625,1.6923076923076923,supercritical
2,4,26.0,44,48.0,1.625,1.6923076923076923,1.0909090909090908,supercritical
2,5,44.0,48,39.0,1.6923076923076923,1.0909090909090908,0.8125,supercritical
2,6,48.0,39,35.0,1.0909090909090908,0.8125,0.8974358974358975,extinguished
2,7,39.0,35,44.0,0.8125,0.8974358974358975,1.2571428571428571,extinguished
2,8,35.0,44,51.0,0.8974358974358975,1.2571428571428571,1.1590909090909092,supercritical
2,9,44.0,51,48.0,1.2571428571428571,1.1590909090909092,0.9411764705882352,supercritical
2,10,51.0,48,29.0,1.1590909090909092,0.9411764705882352,0.6041666666666666,extinguished
2,11,48.0,29,40.0,0.9411764705882352,0.6041666666666666,1.3793103448275863,extinguished
2,12,29.0,40,37.0,0.6041666666666666,1.3793103448275863,0.925,supercritical
2,13,40.0,37,45.0,1.3793103448275863,0.925,1.2162162162162162,extinguished
2,14,37.0,45,34.0,0.925,1.2162162162162162,0.7555555555555555,supercritical
2,15,45.0,34,52.0,1.2162162162162162,0.7555555555555555,1.5294117647058822,extinguished
2,16,34.0,52,45.0,0.7555555555555555,1.5294117647058822,0.8653846153846154,supercritical
2,17,52.0,45,48.0,1.5294117647058822,0.8653846153846154,1.0666666666666669,extinguished
2,18,45.0,48,41.0,0.8653846153846154,1.0666666666666669,0.8541666666666666,supercritical
2,19,48.0,41,-1.0,1.0666666666666669,0.8541666666666666,-1.0,extinguished
3,0,-1.0,2,5.0,-1.0,-1.0,2.5,initial
3,1,2.0,5,10.0,-1.0,2.5,2.0,supercritical
3,2,5.0,10,13.0,2.5,2.0,1.3,supercritical
3,3,10.0,13,37.0,2.0,1.3,2.8461538461538463,supercritical
3,4,13.0,37,48.0,1.3,2.8461538461538463,1.2972972972972974,supercritical
3,5,37.0,48,58.0,2.8461538461538463,1.2972972972972974,1.2083333333333333,supercritical
3,6,48.0,58,40.0,1.2972972972972974,1.2083333333333333,0.6896551724137931,supercritical
3,7,58.0,40,53.0,1.2083333333333333,0.6896551724137931,1.325,extinguished
3,8,40.0,53,55.0,0.6896551724137931,1.325,1.0377358490566038,supercritical
3,9,53.0,55,43.0,1.325,1.0377358490566038,0.7818181818181819,equilibrium
3,10,55.0,43,38.0,1.0377358490566038,0.7818181818181819,0.8837209302325582,extinguished
3,11,43.0,38,41.0,0.7818181818181819,0.8837209302325582,1.0789473684210529,extinguished
3,12,38.0,41,67.0,0.8837209302325582,1.0789473684210529,1.6341463414634143,supercritical
3,13,41.0,67,59.0,1.0789473684210529,1.6341463414634143,0.8805970149253731,supercritical
3,14,67.0,59,37.0,1.6341463414634143,0.8805970149253731,0.6271186440677966,extinguished
3,15,59.0,37,40.0,0.8805970149253731,0.6271186440677966,1.0810810810810811,extinguished
3,16,37.0,40,51.0,0.6271186440677966,1.0810810810810811,1.275,supercritical
3,17,40.0,51,47.0,1.0810810810810811,1.275,0.9215686274509804,supercritical
3,18,51.0,47,67.0,1.275,0.9215686274509804,1.425531914893617,extinguished
3,19,47.0,67,-1.0,0.9215686274509804,1.425531914893617,-1.0,supercritical
4,0,-1.0,1,5.0,-1.0,-1.0,5.0,initial
4,1,1.0,5,10.0,-1.0,5.0,2.0,supercritical
4,2,5.0,10,11.0,5.0,2.0,1.1,supercritical
4,3,10.0,11,22.0,2.0,1.1,2.0,supercritical
4,4,11.0,22,23.0,1.1,2.0,1.0454545454545454,supercritical
4,5,22.0,23,34.0,2.0,1.0454545454545454,1.4782608695652173,equilibrium
4,6,23.0,34,49.0,1.0454545454545454,1.4782608695652173,1.4411764705882353,supercritical
4,7,34.0,49,43.0,1.4782608695652173,1.4411764705882353,0.8775510204081632,supercritical
4,8,49.0,43,49.0,1.4411764705882353,0.8775510204081632,1.1395348837209305,extinguished
4,9,43.0,49,43.0,0.8775510204081632,1.1395348837209305,0.8775510204081632,supercritical
4,10,49.0,43,48.0,1.1395348837209305,0.8775510204081632,1.1162790697674418,extinguished
4,11,43.0,48,61.0,0.8775510204081632,1.1162790697674418,1.2708333333333333,supercritical
4,12,48.0,61,46.0,1.1162790697674418,1.2708333333333333,0.7540983606557377,supercritical
4,13,61.0,46,37.0,1.2708333333333333,0.7540983606557377,0.8043478260869565,extinguished
4,14,46.0,37,48.0,0.7540983606557377,0.8043478260869565,1.2972972972972974,extinguished
4,15,37.0,48,48.0,0.8043478260869565,1.2972972972972974,1.0,supercritical
4,16,48.0,48,54.0,1.2972972972972974,1.0,1.125,equilibrium
4,17,48.0,54,36.0,1.0,1.125,0.6666666666666666,supercritical
4,18,54.0,36,46.0,1.125,0.6666666666666666,1.2777777777777777,extinguished
4,19,36.0,46,-1.0,0.6666666666666666,1.2777777777777777,-1.0,supercritical
5,0,-1.0,5,11.0,-1.0,-1.0,2.2,initial
5,1,5.0,11,25.0,-1.0,2.2,2.272727272727273,supercritical
5,2,11.0,25,44.0,2.2,2.272727272727273,1.76,supercritical
5,3,25.0,44,62.0,2.272727272727273,1.76,1.4090909090909092,supercritical
5,4,44.0,62,41.0,1.76,1.4090909090909092,0.6612903225806451,supercritical
5,5,62.0,41,39.0,1.4090909090909092,0.6612903225806451,0.951219512195122,extinguished
5,6,41.0,39,62.0,0.6612903225806451,0.951219512195122,1.5897435897435896,equilibrium
5,7,39.0,62,46.0,0.951219512195122,1.5897435897435896,0.7419354838709677,supercritical
5,8,62.0,46,60.0,1.5897435897435896,0.7419354838709677,1.3043478260869563,extinguished
5,9,46.0,60,40.0,0.7419354838709677,1.3043478260869563,0.6666666666666666,supercritical
5,10,60.0,40,54.0,1.3043478260869563,0.6666666666666666,1.35,extinguished
5,11,40.0,54,71.0,0.6666666666666666,1.35,1.3148148148148149,supercritical
5,12,54.0,71,40.0,1.35,1.3148148148148149,0.5633802816901409,supercritical
5,13,71.0,40,39.0,1.3148148148148149,0.5633802816901409,0.975,extinguished
5,14,40.0,39,61.0,0.5633802816901409,0.975,1.564102564102564,equilibrium
5,15,39.0,61,62.0,0.975,1.564102564102564,1.0163934426229508,supercritical
5,16,61.0,62,46.0,1.564102564102564,1.0163934426229508,0.7419354838709677,equilibrium
5,17,62.0,46,58.0,1.0163934426229508,0.7419354838709677,1.2608695652173914,extinguished
5,18,46.0,58,71.0,0.7419354838709677,1.2608695652173914,1.2241379310344829,supercritical
5,19,58.0,71,-1.0,1.2608695652173914,1.2241379310344829,-1.0,supercritical
6,0,-1.0,3,7.0,-1.0,-1.0,2.333333333333333,initial
6,1,3.0,7,11.0,-1.0,2.333333333333333,1.5714285714285714,supercritical
6,2,7.0,11,16.0,2.333333333333333,1.5714285714285714,1.4545454545454546,supercritical
6,3,11.0,16,22.0,1.5714285714285714,1.4545454545454546,1.375,supercritical
6,4,16.0,22,31.0,1.4545454545454546,1.375,1.4090909090909092,supercritical
6,5,22.0,31,49.0,1.375,1.4090909090909092,1.5806451612903225,supercritical
6,6,31.0,49,31.0,1.4090909090909092,1.5806451612903225,0.6326530612244898,supercritical
6,7,49.0,31,36.0,1.5806451612903225,0.6326530612244898,1.1612903225806452,extinguished
6,8,31.0,36,48.0,0.6326530612244898,1.1612903225806452,1.3333333333333333,supercritical
6,9,36.0,48,45.0,1.1612903225806452,1.3333333333333333,0.9375,supercritical
6,10,48.0,45,36.0,1.3333333333333333,0.9375,0.8,extinguished
6,11,45.0,36,34.0,0.9375,0.8,0.9444444444444444,extinguished
6,12,36.0,34,38.0,0.8,0.9444444444444444,1.1176470588235294,extinguished
6,13,34.0,38,50.0,0.9444444444444444,1.1176470588235294,1.3157894736842106,supercritical
6,14,38.0,50,54.0,1.1176470588235294,1.3157894736842106,1.08,supercritical
6,15,50.0,54,43.0,1.3157894736842106,1.08,0.7962962962962963,supercritical
6,16,54.0,43,38.0,1.08,0.7962962962962963,0.8837209302325582,extinguished
6,17,43.0,38,48.0,0.7962962962962963,0.8837209302325582,1.263157894736842,extinguished
6,18,38.0,48,44.0,0.8837209302325582,1.263157894736842,0.9166666666666666,supercritical
6,19,48.0,44,-1.0,1.263157894736842,0.9166666666666666,-1.0,extinguished
7,0,-1.0,3,6.0,-1.0,-1.0,2.0,initial
7,1,3.0,6,13.0,-1.0,2.0,2.1666666666666665,supercritical
7,2,6.0,13,27.0,2.0,2.1666666666666665,2.076923076923077,supercritical
7,3,13.0,27,36.0,2.1666666666666665,2.076923076923077,1.3333333333333333,supercritical
7,4,27.0,36,25.0,2.076923076923077,1.3333333333333333,0.6944444444444444,supercritical
7,5,36.0,25,54.0,1.3333333333333333,0.6944444444444444,2.16,extinguished
7,6,25.0,54,66.0,0.6944444444444444,2.16,1.2222222222222223,supercritical
7,7,54.0,66,60.0,2.16,1.2222222222222223,0.9090909090909092,supercritical
7,8,66.0,60,47.0,1.2222222222222223,0.9090909090909092,0.7833333333333333,extinguished
7,9,60.0,47,47.0,0.9090909090909092,0.7833333333333333,1.0,extinguished
7,10,47.0,47,61.0,0.7833333333333333,1.0,1.297872340425532,equilibrium
7,11,47.0,61,52.0,1.0,1.297872340425532,0.8524590163934426,supercritical
7,12,61.0,52,42.0,1.297872340425532,0.8524590163934426,0.8076923076923077,extinguished
7,13,52.0,42,45.0,0.8524590163934426,0.8076923076923077,1.0714285714285714,extinguished
7,14,42.0,45,73.0,0.8076923076923077,1.0714285714285714,1.6222222222222222,supercritical
7,15,45.0,73,35.0,1.0714285714285714,1.6222222222222222,0.4794520547945205,supercritical
7,16,73.0,35,53.0,1.6222222222222222,0.4794520547945205,1.5142857142857142,extinguished
7,17,35.0,53,49.0,0.4794520547945205,1.5142857142857142,0.9245283018867924,supercritical
7,18,53.0,49,62.0,1.5142857142857142,0.9245283018867924,1.2653061224489797,extinguished
7,19,49.0,62,-1.0,0.9245283018867924,1.2653061224489797,-1.0,supercritical
8,0,-1.0,5,14.0,-1.0,-1.0,2.8,initial
8,1,5.0,14,31.0,-1.0,2.8,2.2142857142857144,supercritical
8,2,14.0,31,41.0,2.8,2.2142857142857144,1.3225806451612905,supercritical
8,3,31.0,41,46.0,2.2142857142857144,1.3225806451612905,1.1219512195121952,supercritical
8,4,41.0,46,46.0,1.3225806451612905,1.1219512195121952,1.0,supercritical
8,5,46.0,46,43.0,1.1219512195121952,1.0,0.9347826086956522,equilibrium
8,6,46.0,43,54.0,1.0,0.9347826086956522,1.255813953488372,extinguished
8,7,43.0,54,60.0,0.9347826086956522,1.255813953488372,1.1111111111111112,supercritical
8,8,54.0,60,48.0,1.255813953488372,1.1111111111111112,0.8,supercritical
8,9,60.0,48,64.0,1.1111111111111112,0.8,1.3333333333333333,extinguished
8,10,48.0,64,53.0,0.8,1.3333333333333333,0.828125,supercritical
8,11,64.0,53,72.0,1.3333333333333333,0.828125,1.3584905660377358,extinguished
8,12,53.0,72,36.0,0.828125,1.3584905660377358,0.5,supercritical
8,13,72.0,36,62.0,1.3584905660377358,0.5,1.7222222222222223,extinguished
8,14,36.0,62,40.0,0.5,1.7222222222222223,0.6451612903225806,supercritical
8,15,62.0,40,60.0,1.7222222222222223,0.6451612903225806,1.5,extinguished
8,16,40.0,60,63.0,0.6451612903225806,1.5,1.05,supercritical
8,17,60.0,63,64.0,1.5,1.05,1.0158730158730158,equilibrium
8,18,63.0,64,58.0,1.05,1.0158730158730158,0.90625,equilibrium
8,19,64.0,58,-1.0,1.0158730158730158,0.90625,-1.0,extinguished
9,0,-1.0,2,5.0,-1.0,-1.0,2.5,initial
9,1,2.0,5,8.0,-1.0,2.5,1.6,supercritical
9,2,5.0,8,15.0,2.5,1.6,1.875,supercritical
9,3,8.0,15,30.0,1.6,1.875,2.0,supercritical
9,4,15.0,30,58.0,1.875,2.0,1.933333333333333,supercritical
9,5,30.0,58,66.0,2.0,1.933333333333333,1.137931034482759,supercritical
9,6,58.0,66,43.0,1.933333333333333,1.137931034482759,0.6515151515151515,supercritical
9,7,66.0,43,48.0,1.137931034482759,0.6515151515151515,1.1162790697674418,extinguished
9,8,43.0,48,54.0,0.6515151515151515,1.1162790697674418,1.125,supercritical
9,9,48.0,54,67.0,1.1162790697674418,1.125,1.2407407407407407,supercritical
9,10,54.0,67,82.0,1.125,1.2407407407407407,1.2238805970149254,supercritical
9,11,67.0,82,17.0,1.2407407407407407,1.2238805970149254,0.2073170731707317,supercritical
9,12,82.0,17,41.0,1.2238805970149254,0.2073170731707317,2.411764705882353,extinguished
9,13,17.0,41,62.0,0.2073170731707317,2.411764705882353,1.5121951219512195,supercritical
9,14,41.0,62,39.0,2.411764705882353,1.5121951219512195,0.6290322580645161,supercritical
9,15,62.0,39,51.0,1.5121951219512195,0.6290322580645161,1.3076923076923077,extinguished
9,16,39.0,51,45.0,0.6290322580645161,1.3076923076923077,0.8823529411764706,supercritical
9,17,51.0,45,55.0,1.3076923076923077,0.8823529411764706,1.2222222222222223,extinguished
9,18,45.0,55,54.0,0.8823529411764706,1.2222222222222223,0.9818181818181818,supercritical
9,19,55.0,54,-1.0,1.2222222222222223,0.9818181818181818,-1.0,equilibrium
10,0,-1.0,1,2.0,-1.0,-1.0,2.0,initial
10,1,1.0,2,0.0,-1.0,2.0,0.0,supercritical
10,2,2.0,0,0.0,2.0,0.0,0.0,extinguished
10,3,0.0,0,0.0,0.0,0.0,0.0,extinguished
10,4,0.0,0,0.0,0.0,0.0,0.0,extinguished
10,5,0.0,0,0.0,0.0,0.0,0.0,extinguished
10,6,0.0,0,0.0,0.0,0.0,0.0,extinguished
10,7,0.0,0,0.0,0.0,0.0,0.0,extinguished
10,8,0.0,0,0.0,0.0,0.0,0.0,extinguished
10,9,0.0,0,0.0,0.0,0.0,0.0,extinguished
10,10,0.0,0,0.0,0.0,0.0,0.0,extinguished
10,11,0.0,0,0.0,0.0,0.0,0.0,extinguished
10,12,0.0,0,0.0,0.0,0.0,0.0,extinguished
10,13,0.0,0,0.0,0.0,0.0,0.0,extinguished
10,14,0.0,0,0.0,0.0,0.0,0.0,extinguished
10,15,0.0,0,0.0,0.0,0.0,0.0,extinguished
10,16,0.0,0,0.0,0.0,0.0,0.0,extinguished
10,17,0.0,0,0.0,0.0,0.0,0.0,extinguished
10,18,0.0,0,0.0,0.0,0.0,0.0,extinguished
10,19,0.0,0,-1.0,0.0,0.0,-1.0,extinguished
11,0,-1.0,2,5.0,-1.0,-1.0,2.5,initial
11,1,2.0,5,11.0,-1.0,2.5,2.2,supercritical
11,2,5.0,11,16.0,2.5,2.2,1.4545454545454546,supercritical
11,3,11.0,16,23.0,2.2,1.4545454545454546,1.4375,supercritical
11,4,16.0,23,38.0,1.4545454545454546,1.4375,1.6521739130434785,supercritical
11,5,23.0,38,57.0,1.4375,1.6521739130434785,1.5,supercritical
11,6,38.0,57,58.0,1.6521739130434785,1.5,1.0175438596491229,supercritical
11,7,57.0,58,64.0,1.5,1.0175438596491229,1.103448275862069,equilibrium
11,8,58.0,64,47.0,1.0175438596491229,1.103448275862069,0.734375,supercritical
11,9,64.0,47,53.0,1.103448275862069,0.734375,1.127659574468085,extinguished
11,10,47.0,53,50.0,0.734375,1.127659574468085,0.9433962264150944,supercritical
11,11,53.0,50,48.0,1.127659574468085,0.9433962264150944,0.96,extinguished
11,12,50.0,48,45.0,0.9433962264150944,0.96,0.9375,equilibrium
11,13,48.0,45,55.0,0.96,0.9375,1.2222222222222223,extinguished
11,14,45.0,55,55.0,0.9375,1.2222222222222223,1.0,supercritical
11,15,55.0,55,64.0,1.2222222222222223,1.0,1.1636363636363636,equilibrium
11,16,55.0,64,64.0,1.0,1.1636363636363636,1.0,supercritical
11,17,64.0,64,42.0,1.1636363636363636,1.0,0.65625,equilibrium
11,18,64.0,42,53.0,1.0,0.65625,1.261904761904762,extinguished
11,19,42.0,53,-1.0,0.65625,1.261904761904762,-1.0,supercritical
12,0,-1.0,4,5.0,-1.0,-1.0,1.25,initial
12,1,4.0,5,11.0,-1.0,1.25,2.2,supercritical
12,2,5.0,11,20.0,1.25,2.2,1.818181818181818,supercritical
12,3,11.0,20,33.0,2.2,1.818181818181818,1.65,supercritical
12,4,20.0,33,57.0,1.818181818181818,1.65,1.7272727272727273,supercritical
12,5,33.0,57,45.0,1.65,1.7272727272727273,0.7894736842105263,supercritical
12,6,57.0,45,53.0,1.7272727272727273,0.7894736842105263,1.1777777777777778,extinguished
12,7,45.0,53,64.0,0.7894736842105263,1.1777777777777778,1.2075471698113207,supercritical
12,8,53.0,64,38.0,1.1777777777777778,1.2075471698113207,0.59375,supercritical
12,9,64.0,38,55.0,1.2075471698113207,0.59375,1.4473684210526316,extinguished
12,10,38.0,55,63.0,0.59375,1.4473684210526316,1.1454545454545455,supercritical
12,11,55.0,63,43.0,1.4473684210526316,1.1454545454545455,0.6825396825396826,supercritical
12,12,63.0,43,65.0,1.1454545454545455,0.6825396825396826,1.5116279069767442,extinguished
12,13,43.0,65,59.0,0.6825396825396826,1.5116279069767442,0.9076923076923076,supercritical
12,14,65.0,59,50.0,1.5116279069767442,0.9076923076923076,0.847457627118644,extinguished
12,15,59.0,50,59.0,0.9076923076923076,0.847457627118644,1.18,extinguished
12,16,50.0,59,48.0,0.847457627118644,1.18,0.8135593220338984,supercritical
12,17,59.0,48,44.0,1.18,0.8135593220338984,0.9166666666666666,extinguished
12,18,48.0,44,41.0,0.8135593220338984,0.9166666666666666,0.9318181818181818,extinguished
12,19,44.0,41,-1.0,0.9166666666666666,0.9318181818181818,-1.0,extinguished
13,0,-1.0,3,10.0,-1.0,-1.0,3.333333333333333,initial
13,1,3.0,10,13.0,-1.0,3.333333333333333,1.3,supercritical
13,2,10.0,13,17.0,3.333333333333333,1.3,1.3076923076923077,supercritical
13,3,13.0,17,30.0,1.3,1.3076923076923077,1.7647058823529411,supercritical
13,4,17.0,30,66.0,1.3076923076923077,1.7647058823529411,2.2,supercritical
13,5,30.0,66,49.0,1.7647058823529411,2.2,0.7424242424242424,supercritical
13,6,66.0,49,54.0,2.2,0.7424242424242424,1.1020408163265305,extinguished
13,7,49.0,54,58.0,0.7424242424242424,1.1020408163265305,1.0740740740740742,supercritical
13,8,54.0,58,53.0,1.1020408163265305,1.0740740740740742,0.913793103448276,supercritical
13,9,58.0,53,59.0,1.0740740740740742,0.913793103448276,1.1132075471698113,extinguished
13,10,53.0,59,45.0,0.913793103448276,1.1132075471698113,0.7627118644067796,supercritical
13,11,59.0,45,55.0,1.1132075471698113,0.7627118644067796,1.2222222222222223,extinguished
13,12,45.0,55,45.0,0.7627118644067796,1.2222222222222223,0.8181818181818182,supercritical
13,13,55.0,45,58.0,1.2222222222222223,0.8181818181818182,1.288888888888889,extinguished
13,14,45.0,58,60.0,0.8181818181818182,1.288888888888889,1.0344827586206895,supercritical
13,15,58.0,60,54.0,1.288888888888889,1.0344827586206895,0.9,equilibrium
13,16,60.0,54,38.0,1.0344827586206895,0.9,0.7037037037037037,extinguished
13,17,54.0,38,48.0,0.9,0.7037037037037037,1.263157894736842,extinguished
13,18,38.0,48,41.0,0.7037037037037037,1.263157894736842,0.8541666666666666,supercritical
13,19,48.0,41,-1.0,1.263157894736842,0.8541666666666666,-1.0,extinguished
14,0,-1.0,3,6.0,-1.0,-1.0,2.0,initial
14,1,3.0,6,7.0,-1.0,2.0,1.1666666666666667,supercritical
14,2,6.0,7,13.0,2.0,1.1666666666666667,1.8571428571428568,supercritical
14,3,7.0,13,18.0,1.1666666666666667,1.8571428571428568,1.3846153846153846,supercritical
14,4,13.0,18,19.0,1.8571428571428568,1.3846153846153846,1.0555555555555556,supercritical
14,5,18.0,19,28.0,1.3846153846153846,1.0555555555555556,1.4736842105263157,supercritical
14,6,19.0,28,40.0,1.0555555555555556,1.4736842105263157,1.4285714285714286,supercritical
14,7,28.0,40,36.0,1.4736842105263157,1.4285714285714286,0.9,supercritical
14,8,40.0,36,40.0,1.4285714285714286,0.9,1.1111111111111112,extinguished
14,9,36.0,40,33.0,0.9,1.1111111111111112,0.825,supercritical
14,10,40.0,33,59.0,1.1111111111111112,0.825,1.7878787878787878,extinguished
14,11,33.0,59,60.0,0.825,1.7878787878787878,1.0169491525423728,supercritical
14,12,59.0,60,50.0,1.7878787878787878,1.0169491525423728,0.8333333333333334,equilibrium
14,13,60.0,50,70.0,1.0169491525423728,0.8333333333333334,1.4,extinguished
14,14,50.0,70,37.0,0.8333333333333334,1.4,0.5285714285714286,supercritical
14,15,70.0,37,52.0,1.4,0.5285714285714286,1.4054054054054057,extinguished
14,16,37.0,52,31.0,0.5285714285714286,1.4054054054054057,0.5961538461538461,supercritical
14,17,52.0,31,33.0,1.4054054054054057,0.5961538461538461,1.064516129032258,extinguished
14,18,31.0,33,49.0,0.5961538461538461,1.064516129032258,1.4848484848484849,supercritical
14,19,33.0,49,-1.0,1.064516129032258,1.4848484848484849,-1.0,supercritical
15,0,-1.0,1,3.0,-1.0,-1.0,3.0,initial
15,1,1.0,3,6.0,-1.0,3.0,2.0,supercritical
15,2,3.0,6,15.0,3.0,2.0,2.5,supercritical
15,3,6.0,15,34.0,2.0,2.5,2.2666666666666666,supercritical
15,4,15.0,34,68.0,2.5,2.2666666666666666,2.0,supercritical
15,5,34.0,68,45.0,2.2666666666666666,2.0,0.6617647058823529,supercritical
15,6,68.0,45,46.0,2.0,0.6617647058823529,1.022222222222222,extinguished
15,7,45.0,46,42.0,0.6617647058823529,1.022222222222222,0.9130434782608696,equilibrium
15,8,46.0,42,63.0,1.022222222222222,0.9130434782608696,1.5,extinguished
15,9,42.0,63,43.0,0.9130434782608696,1.5,0.6825396825396826,supercritical
15,10,63.0,43,58.0,1.5,0.6825396825396826,1.3488372093023255,extinguished
15,11,43.0,58,37.0,0.6825396825396826,1.3488372093023255,0.6379310344827587,supercritical
15,12,58.0,37,55.0,1.3488372093023255,0.6379310344827587,1.4864864864864864,extinguished
15,13,37.0,55,47.0,0.6379310344827587,1.4864864864864864,0.8545454545454545,supercritical
15,14,55.0,47,71.0,1.4864864864864864,0.8545454545454545,1.5106382978723405,extinguished
15,15,47.0,71,55.0,0.8545454545454545,1.5106382978723405,0.7746478873239436,supercritical
15,16,71.0,55,50.0,1.5106382978723405,0.7746478873239436,0.9090909090909092,extinguished
15,17,55.0,50,45.0,0.7746478873239436,0.9090909090909092,0.9,extinguished
15,18,50.0,45,49.0,0.9090909090909092,0.9,1.0888888888888888,extinguished
15,19,45.0,49,-1.0,0.9,1.0888888888888888,-1.0,supercritical
16,0,-1.0,5,11.0,-1.0,-1.0,2.2,initial
16,1,5.0,11,19.0,-1.0,2.2,1.7272727272727273,supercritical
16,2,11.0,19,21.0,2.2,1.7272727272727273,1.105263157894737,supercritical
16,3,19.0,21,42.0,1.7272727272727273,1.105263157894737,2.0,supercritical
16,4,21.0,42,32.0,1.105263157894737,2.0,0.7619047619047619,supercritical
16,5,42.0,32,42.0,2.0,0.7619047619047619,1.3125,extinguished
16,6,32.0,42,43.0,0.7619047619047619,1.3125,1.0238095238095235,supercritical
16,7,42.0,43,39.0,1.3125,1.0238095238095235,0.9069767441860463,equilibrium
16,8,43.0,39,35.0,1.0238095238095235,0.9069767441860463,0.8974358974358975,extinguished
16,9,39.0,35,40.0,0.9069767441860463,0.8974358974358975,1.1428571428571428,extinguished
16,10,35.0,40,26.0,0.8974358974358975,1.1428571428571428,0.65,supercritical
16,11,40.0,26,33.0,1.1428571428571428,0.65,1.2692307692307692,extinguished
16,12,26.0,33,49.0,0.65,1.2692307692307692,1.4848484848484849,supercritical
16,13,33.0,49,44.0,1.2692307692307692,1.4848484848484849,0.8979591836734694,supercritical
16,14,49.0,44,46.0,1.4848484848484849,0.8979591836734694,1.0454545454545454,extinguished
16,15,44.0,46,38.0,0.8979591836734694,1.0454545454545454,0.8260869565217391,equilibrium
16,16,46.0,38,40.0,1.0454545454545454,0.8260869565217391,1.0526315789473684,extinguished
16,17,38.0,40,41.0,0.8260869565217391,1.0526315789473684,1.025,supercritical
16,18,40.0,41,32.0,1.0526315789473684,1.025,0.7804878048780488,equilibrium
16,19,41.0,32,-1.0,1.025,0.7804878048780488,-1.0,extinguished
17,0,-1.0,2,1.0,-1.0,-1.0,0.5,initial
17,1,2.0,1,3.0,-1.0,0.5,3.0,extinguished
17,2,1.0,3,9.0,0.5,3.0,3.0,supercritical
17,3,3.0,9,24.0,3.0,3.0,2.6666666666666665,supercritical
17,4,9.0,24,49.0,3.0,2.6666666666666665,2.0416666666666665,supercritical
17,5,24.0,49,53.0,2.6666666666666665,2.0416666666666665,1.0816326530612246,supercritical
17,6,49.0,53,75.0,2.0416666666666665,1.0816326530612246,1.4150943396226414,supercritical
17,7,53.0,75,36.0,1.0816326530612246,1.4150943396226414,0.48,supercritical
17,8,75.0,36,43.0,1.4150943396226414,0.48,1.1944444444444444,extinguished
17,9,36.0,43,46.0,0.48,1.1944444444444444,1.069767441860465,supercritical
17,10,43.0,46,66.0,1.1944444444444444,1.069767441860465,1.434782608695652,supercritical
17,11,46.0,66,52.0,1.069767441860465,1.434782608695652,0.7878787878787878,supercritical
17,12,66.0,52,42.0,1.434782608695652,0.7878787878787878,0.8076923076923077,extinguished
17,13,52.0,42,65.0,0.7878787878787878,0.8076923076923077,1.5476190476190477,extinguished
17,14,42.0,65,73.0,0.8076923076923077,1.5476190476190477,1.123076923076923,supercritical
17,15,65.0,73,46.0,1.5476190476190477,1.123076923076923,0.6301369863013698,supercritical
17,16,73.0,46,53.0,1.123076923076923,0.6301369863013698,1.1521739130434785,extinguished
17,17,46.0,53,57.0,0.6301369863013698,1.1521739130434785,1.0754716981132075,supercritical
17,18,53.0,57,59.0,1.1521739130434785,1.0754716981132075,1.0350877192982455,supercritical
17,19,57.0,59,-1.0,1.0754716981132075,1.0350877192982455,-1.0,equilibrium
18,0,-1.0,2,3.0,-1.0,-1.0,1.5,initial
18,1,2.0,3,6.0,-1.0,1.5,2.0,supercritical
18,2,3.0,6,10.0,1.5,2.0,1.6666666666666667,supercritical
18,3,6.0,10,11.0,2.0,1.6666666666666667,1.1,supercritical
18,4,10.0,11,16.0,1.6666666666666667,1.1,1.4545454545454546,supercritical
18,5,11.0,16,36.0,1.1,1.4545454545454546,2.25,supercritical
18,6,16.0,36,53.0,1.4545454545454546,2.25,1.4722222222222223,supercritical
18,7,36.0,53,38.0,2.25,1.4722222222222223,0.7169811320754716,supercritical
18,8,53.0,38,54.0,1.4722222222222223,0.7169811320754716,1.4210526315789471,extinguished
18,9,38.0,54,48.0,0.7169811320754716,1.4210526315789471,0.8888888888888888,supercritical
18,10,54.0,48,49.0,1.4210526315789471,0.8888888888888888,1.0208333333333333,extinguished
18,11,48.0,49,54.0,0.8888888888888888,1.0208333333333333,1.1020408163265305,equilibrium
18,12,49.0,54,62.0,1.0208333333333333,1.1020408163265305,1.148148148148148,supercritical
18,13,54.0,62,48.0,1.1020408163265305,1.148148148148148,0.7741935483870968,supercritical
18,14,62.0,48,57.0,1.148148148148148,0.7741935483870968,1.1875,extinguished
18,15,48.0,57,48.0,0.7741935483870968,1.1875,0.8421052631578947,supercritical
18,16,57.0,48,56.0,1.1875,0.8421052631578947,1.1666666666666667,extinguished
18,17,48.0,56,66.0,0.8421052631578947,1.1666666666666667,1.1785714285714286,supercritical
18,18,56.0,66,43.0,1.1666666666666667,1.1785714285714286,0.6515151515151515,supercritical
18,19,66.0,43,-1.0,1.1785714285714286,0.6515151515151515,-1.0,extinguished
19,0,-1.0,3,13.0,-1.0,-1.0,4.333333333333333,initial
19,1,3.0,13,17.0,-1.0,4.333333333333333,1.3076923076923077,supercritical
19,2,13.0,17,25.0,4.333333333333333,1.3076923076923077,1.4705882352941178,supercritical
19,3,17.0,25,22.0,1.3076923076923077,1.4705882352941178,0.88,supercritical
19,4,25.0,22,25.0,1.4705882352941178,0.88,1.1363636363636365,extinguished
19,5,22.0,25,23.0,0.88,1.1363636363636365,0.92,supercritical
19,6,25.0,23,29.0,1.1363636363636365,0.92,1.2608695652173914,extinguished
19,7,23.0,29,34.0,0.92,1.2608695652173914,1.1724137931034482,supercritical
19,8,29.0,34,44.0,1.2608695652173914,1.1724137931034482,1.2941176470588236,supercritical
19,9,34.0,44,29.0,1.1724137931034482,1.2941176470588236,0.6590909090909091,supercritical
19,10,44.0,29,31.0,1.2941176470588236,0.6590909090909091,1.0689655172413792,extinguished
19,11,29.0,31,30.0,0.6590909090909091,1.0689655172413792,0.967741935483871,supercritical
19,12,31.0,30,27.0,1.0689655172413792,0.967741935483871,0.9,equilibrium
19,13,30.0,27,31.0,0.967741935483871,0.9,1.148148148148148,extinguished
19,14,27.0,31,33.0,0.9,1.148148148148148,1.064516129032258,supercritical
19,15,31.0,33,46.0,1.148148148148148,1.064516129032258,1.393939393939394,supercritical
19,16,33.0,46,52.0,1.064516129032258,1.393939393939394,1.1304347826086956,supercritical
19,17,46.0,52,34.0,1.393939393939394,1.1304347826086956,0.6538461538461539,supercritical
19,18,52.0,34,40.0,1.1304347826086956,0.6538461538461539,1.1764705882352942,extinguished
19,19,34.0,40,-1.0,0.6538461538461539,1.1764705882352942,-1.0,supercritical
20,0,-1.0,3,6.0,-1.0,-1.0,2.0,initial
20,1,3.0,6,6.0,-1.0,2.0,1.0,supercritical
20,2,6.0,6,10.0,2.0,1.0,1.6666666666666667,equilibrium
20,3,6.0,10,12.0,1.0,1.6666666666666667,1.2,supercritical
20,4,10.0,12,26.0,1.6666666666666667,1.2,2.1666666666666665,supercritical
20,5,12.0,26,39.0,1.2,2.1666666666666665,1.5,supercritical
20,6,26.0,39,33.0,2.1666666666666665,1.5,0.8461538461538461,supercritical
20,7,39.0,33,27.0,1.5,0.8461538461538461,0.8181818181818182,extinguished
20,8,33.0,27,36.0,0.8461538461538461,0.8181818181818182,1.3333333333333333,extinguished
20,9,27.0,36,45.0,0.8181818181818182,1.3333333333333333,1.25,supercritical
20,10,36.0,45,38.0,1.3333333333333333,1.25,0.8444444444444444,supercritical
20,11,45.0,38,40.0,1.25,0.8444444444444444,1.0526315789473684,extinguished
20,12,38.0,40,44.0,0.8444444444444444,1.0526315789473684,1.1,supercritical
20,13,40.0,44,31.0,1.0526315789473684,1.1,0.7045454545454546,supercritical
20,14,44.0,31,31.0,1.1,0.7045454545454546,1.0,extinguished
20,15,31.0,31,50.0,0.7045454545454546,1.0,1.6129032258064515,equilibrium
20,16,31.0,50,33.0,1.0,1.6129032258064515,0.66,supercritical
20,17,50.0,33,26.0,1.6129032258064515,0.66,0.7878787878787878,extinguished
20,18,33.0,26,25.0,0.66,0.7878787878787878,0.9615384615384616,extinguished
20,19,26.0,25,-1.0,0.7878787878787878,0.9615384615384616,-1.0,equilibrium
21,0,-1.0,5,9.0,-1.0,-1.0,1.8,initial
21,1,5.0,9,14.0,-1.0,1.8,1.5555555555555556,supercritical
21,2,9.0,14,28.0,1.8,1.5555555555555556,2.0,supercritical
21,3,14.0,28,46.0,1.5555555555555556,2.0,1.6428571428571428,supercritical
21,4,28.0,46,40.0,2.0,1.6428571428571428,0.8695652173913043,supercritical
21,5,46.0,40,39.0,1.6428571428571428,0.8695652173913043,0.975,extinguished
21,6,40.0,39,42.0,0.8695652173913043,0.975,1.0769230769230769,equilibrium
21,7,39.0,42,46.0,0.975,1.0769230769230769,1.0952380952380951,supercritical
21,8,42.0,46,50.0,1.0769230769230769,1.0952380952380951,1.0869565217391304,supercritical
21,9,46.0,50,49.0,1.0952380952380951,1.0869565217391304,0.98,supercritical
21,10,50.0,49,50.0,1.0869565217391304,0.98,1.020408163265306,equilibrium
21,11,49.0,50,59.0,0.98,1.020408163265306,1.18,equilibrium
21,12,50.0,59,63.0,1.020408163265306,1.18,1.0677966101694916,supercritical
21,13,59.0,63,60.0,1.18,1.0677966101694916,0.9523809523809524,supercritical
21,14,63.0,60,67.0,1.0677966101694916,0.9523809523809524,1.1166666666666667,equilibrium
21,15,60.0,67,68.0,0.9523809523809524,1.1166666666666667,1.0149253731343284,supercritical
21,16,67.0,68,27.0,1.1166666666666667,1.0149253731343284,0.3970588235294117,equilibrium
21,17,68.0,27,47.0,1.0149253731343284,0.3970588235294117,1.7407407407407407,extinguished
21,18,27.0,47,61.0,0.3970588235294117,1.7407407407407407,1.297872340425532,supercritical
21,19,47.0,61,-1.0,1.7407407407407407,1.297872340425532,-1.0,supercritical
22,0,-1.0,3,9.0,-1.0,-1.0,3.0,initial
22,1,3.0,9,17.0,-1.0,3.0,1.8888888888888888,supercritical
22,2,9.0,17,24.0,3.0,1.8888888888888888,1.411764705882353,supercritical
22,3,17.0,24,19.0,1.8888888888888888,1.411764705882353,0.7916666666666666,supercritical
22,4,24.0,19,39.0,1.411764705882353,0.7916666666666666,2.0526315789473686,extinguished
22,5,19.0,39,56.0,0.7916666666666666,2.0526315789473686,1.435897435897436,supercritical
22,6,39.0,56,42.0,2.0526315789473686,1.435897435897436,0.75,supercritical
22,7,56.0,42,64.0,1.435897435897436,0.75,1.5238095238095235,extinguished
22,8,42.0,64,60.0,0.75,1.5238095238095235,0.9375,supercritical
22,9,64.0,60,47.0,1.5238095238095235,0.9375,0.7833333333333333,extinguished
22,10,60.0,47,72.0,0.9375,0.7833333333333333,1.5319148936170213,extinguished
22,11,47.0,72,57.0,0.7833333333333333,1.5319148936170213,0.7916666666666666,supercritical
22,12,72.0,57,61.0,1.5319148936170213,0.7916666666666666,1.0701754385964912,extinguished
22,13,57.0,61,47.0,0.7916666666666666,1.0701754385964912,0.7704918032786885,supercritical
22,14,61.0,47,43.0,1.0701754385964912,0.7704918032786885,0.9148936170212766,extinguished
22,15,47.0,43,69.0,0.7704918032786885,0.9148936170212766,1.6046511627906976,extinguished
22,16,43.0,69,52.0,0.9148936170212766,1.6046511627906976,0.7536231884057971,supercritical
22,17,69.0,52,61.0,1.6046511627906976,0.7536231884057971,1.1730769230769231,extinguished
22,18,52.0,61,44.0,0.7536231884057971,1.1730769230769231,0.7213114754098361,supercritical
22,19,61.0,44,-1.0,1.1730769230769231,0.7213114754098361,-1.0,extinguished
23,0,-1.0,3,4.0,-1.0,-1.0,1.3333333333333333,initial
23,1,3.0,4,5.0,-1.0,1.3333333333333333,1.25,supercritical
23,2,4.0,5,14.0,1.3333333333333333,1.25,2.8,supercritical
23,3,5.0,14,36.0,1.25,2.8,2.571428571428572,supercritical
23,4,14.0,36,51.0,2.8,2.571428571428572,1.4166666666666667,supercritical
23,5,36.0,51,38.0,2.571428571428572,1.4166666666666667,0.7450980392156863,supercritical
23,6,51.0,38,43.0,1.4166666666666667,0.7450980392156863,1.131578947368421,extinguished
23,7,38.0,43,62.0,0.7450980392156863,1.131578947368421,1.441860465116279,supercritical
23,8,43.0,62,60.0,1.131578947368421,1.441860465116279,0.967741935483871,supercritical
23,9,62.0,60,35.0,1.441860465116279,0.967741935483871,0.5833333333333334,equilibrium
23,10,60.0,35,39.0,0.967741935483871,0.5833333333333334,1.1142857142857143,extinguished
23,11,35.0,39,33.0,0.5833333333333334,1.1142857142857143,0.8461538461538461,supercritical
23,12,39.0,33,40.0,1.1142857142857143,0.8461538461538461,1.2121212121212122,extinguished
23,13,33.0,40,48.0,0.8461538461538461,1.2121212121212122,1.2,supercritical
23,14,40.0,48,47.0,1.2121212121212122,1.2,0.9791666666666666,supercritical
23,15,48.0,47,54.0,1.2,0.9791666666666666,1.148936170212766,equilibrium
23,16,47.0,54,44.0,0.9791666666666666,1.148936170212766,0.8148148148148148,supercritical
23,17,54.0,44,40.0,1.148936170212766,0.8148148148148148,0.9090909090909092,extinguished
23,18,44.0,40,48.0,0.8148148148148148,0.9090909090909092,1.2,extinguished
23,19,40.0,48,-1.0,0.9090909090909092,1.2,-1.0,supercritical
24,0,-1.0,1,1.0,-1.0,-1.0,1.0,initial
24,1,1.0,1,0.0,-1.0,1.0,0.0,equilibrium
24,2,1.0,0,0.0,1.0,0.0,0.0,extinguished
24,3,0.0,0,0.0,0.0,0.0,0.0,extinguished
24,4,0.0,0,0.0,0.0,0.0,0.0,extinguished
24,5,0.0,0,0.0,0.0,0.0,0.0,extinguished
24,6,0.0,0,0.0,0.0,0.0,0.0,extinguished
24,7,0.0,0,0.0,0.0,0.0,0.0,extinguished
24,8,0.0,0,0.0,0.0,0.0,0.0,extinguished
24,9,0.0,0,0.0,0.0,0.0,0.0,extinguished
24,10,0.0,0,0.0,0.0,0.0,0.0,extinguished
24,11,0.0,0,0.0,0.0,0.0,0.0,extinguished
24,12,0.0,0,0.0,0.0,0.0,0.0,extinguished
24,13,0.0,0,0.0,0.0,0.0,0.0,extinguished
24,14,0.0,0,0.0,0.0,0.0,0.0,extinguished
24,15,0.0,0,0.0,0.0,0.0,0.0,extinguished
24,16,0.0,0,0.0,0.0,0.0,0.0,extinguished
24,17,0.0,0,0.0,0.0,0.0,0.0,extinguished
24,18,0.0,0,0.0,0.0,0.0,0.0,extinguished
24,19,0.0,0,-1.0,0.0,0.0,-1.0,extinguished
25,0,-1.0,4,2.0,-1.0,-1.0,0.5,initial
25,1,4.0,2,7.0,-1.0,0.5,3.5,extinguished
25,2,2.0,7,8.0,0.5,3.5,1.1428571428571428,supercritical
25,3,7.0,8,17.0,3.5,1.1428571428571428,2.125,supercritical
25,4,8.0,17,24.0,1.1428571428571428,2.125,1.411764705882353,supercritical
25,5,17.0,24,31.0,2.125,1.411764705882353,1.2916666666666667,supercritical
25,6,24.0,31,31.0,1.411764705882353,1.2916666666666667,1.0,supercritical
25,7,31.0,31,42.0,1.2916666666666667,1.0,1.3548387096774193,equilibrium
25,8,31.0,42,64.0,1.0,1.3548387096774193,1.5238095238095235,supercritical
25,9,42.0,64,51.0,1.3548387096774193,1.5238095238095235,0.796875,supercritical
25,10,64.0,51,53.0,1.5238095238095235,0.796875,1.03921568627451,extinguished
25,11,51.0,53,40.0,0.796875,1.03921568627451,0.7547169811320755,equilibrium
25,12,53.0,40,51.0,1.03921568627451,0.7547169811320755,1.275,extinguished
25,13,40.0,51,43.0,0.7547169811320755,1.275,0.8431372549019608,supercritical
25,14,51.0,43,56.0,1.275,0.8431372549019608,1.302325581395349,extinguished
25,15,43.0,56,40.0,0.8431372549019608,1.302325581395349,0.7142857142857143,supercritical
25,16,56.0,40,57.0,1.302325581395349,0.7142857142857143,1.425,extinguished
25,17,40.0,57,46.0,0.7142857142857143,1.425,0.8070175438596491,supercritical
25,18,57.0,46,44.0,1.425,0.8070175438596491,0.9565217391304348,extinguished
25,19,46.0,44,-1.0,0.8070175438596491,0.9565217391304348,-1.0,equilibrium
26,0,-1.0,1,2.0,-1.0,-1.0,2.0,initial
26,1,1.0,2,6.0,-1.0,2.0,3.0,supercritical
26,2,2.0,6,13.0,2.0,3.0,2.1666666666666665,supercritical
26,3,6.0,13,24.0,3.0,2.1666666666666665,1.8461538461538465,supercritical
26,4,13.0,24,38.0,2.1666666666666665,1.8461538461538465,1.5833333333333333,supercritical
26,5,24.0,38,48.0,1.8461538461538465,1.5833333333333333,1.263157894736842,supercritical
26,6,38.0,48,60.0,1.5833333333333333,1.263157894736842,1.25,supercritical
26,7,48.0,60,57.0,1.263157894736842,1.25,0.95,supercritical
26,8,60.0,57,40.0,1.25,0.95,0.7017543859649122,equilibrium
26,9,57.0,40,60.0,0.95,0.7017543859649122,1.5,extinguished
26,10,40.0,60,62.0,0.7017543859649122,1.5,1.0333333333333334,supercritical
26,11,60.0,62,50.0,1.5,1.0333333333333334,0.8064516129032258,equilibrium
26,12,62.0,50,53.0,1.0333333333333334,0.8064516129032258,1.06,extinguished
26,13,50.0,53,55.0,0.8064516129032258,1.06,1.0377358490566038,supercritical
26,14,53.0,55,36.0,1.06,1.0377358490566038,0.6545454545454545,equilibrium
26,15,55.0,36,62.0,1.0377358490566038,0.6545454545454545,1.7222222222222223,extinguished
26,16,36.0,62,74.0,0.6545454545454545,1.7222222222222223,1.1935483870967742,supercritical
26,17,62.0,74,38.0,1.7222222222222223,1.1935483870967742,0.5135135135135135,supercritical
26,18,74.0,38,51.0,1.1935483870967742,0.5135135135135135,1.3421052631578947,extinguished
26,19,38.0,51,-1.0,0.5135135135135135,1.3421052631578947,-1.0,supercritical
27,0,-1.0,3,7.0,-1.0,-1.0,2.333333333333333,initial
27,1,3.0,7,20.0,-1.0,2.333333333333333,2.857142857142857,supercritical
27,2,7.0,20,43.0,2.333333333333333,2.857142857142857,2.15,supercritical
27,3,20.0,43,37.0,2.857142857142857,2.15,0.8604651162790697,supercritical
27,4,43.0,37,49.0,2.15,0.8604651162790697,1.3243243243243243,extinguished
27,5,37.0,49,45.0,0.8604651162790697,1.3243243243243243,0.9183673469387756,supercritical
27,6,49.0,45,64.0,1.3243243243243243,0.9183673469387756,1.4222222222222225,extinguished
27,7,45.0,64,40.0,0.9183673469387756,1.4222222222222225,0.625,supercritical
27,8,64.0,40,47.0,1.4222222222222225,0.625,1.175,extinguished
27,9,40.0,47,47.0,0.625,1.175,1.0,supercritical
27,10,47.0,47,65.0,1.175,1.0,1.3829787234042554,equilibrium
27,11,47.0,65,34.0,1.0,1.3829787234042554,0.5230769230769231,supercritical
27,12,65.0,34,37.0,1.3829787234042554,0.5230769230769231,1.088235294117647,extinguished
27,13,34.0,37,42.0,0.5230769230769231,1.088235294117647,1.135135135135135,supercritical
27,14,37.0,42,42.0,1.088235294117647,1.135135135135135,1.0,supercritical
27,15,42.0,42,44.0,1.135135135135135,1.0,1.0476190476190477,equilibrium
27,16,42.0,44,44.0,1.0,1.0476190476190477,1.0,equilibrium
27,17,44.0,44,48.0,1.0476190476190477,1.0,1.0909090909090908,equilibrium
27,18,44.0,48,62.0,1.0,1.0909090909090908,1.2916666666666667,supercritical
27,19,48.0,62,-1.0,1.0909090909090908,1.2916666666666667,-1.0,supercritical
28,0,-1.0,4,8.0,-1.0,-1.0,2.0,initial
28,1,4.0,8,11.0,-1.0,2.0,1.375,supercritical
28,2,8.0,11,23.0,2.0,1.375,2.090909090909091,supercritical
28,3,11.0,23,25.0,1.375,2.090909090909091,1.0869565217391304,supercritical
28,4,23.0,25,47.0,2.090909090909091,1.0869565217391304,1.88,supercritical
28,5,25.0,47,44.0,1.0869565217391304,1.88,0.9361702127659576,supercritical
28,6,47.0,44,57.0,1.88,0.9361702127659576,1.2954545454545454,extinguished
28,7,44.0,57,40.0,0.9361702127659576,1.2954545454545454,0.7017543859649122,supercritical
28,8,57.0,40,55.0,1.2954545454545454,0.7017543859649122,1.375,extinguished
28,9,40.0,55,52.0,0.7017543859649122,1.375,0.9454545454545454,supercritical
28,10,55.0,52,46.0,1.375,0.9454545454545454,0.8846153846153846,extinguished
28,11,52.0,46,50.0,0.9454545454545454,0.8846153846153846,1.0869565217391304,extinguished
28,12,46.0,50,41.0,0.8846153846153846,1.0869565217391304,0.82,supercritical
28,13,50.0,41,39.0,1.0869565217391304,0.82,0.951219512195122,extinguished
28,14,41.0,39,36.0,0.82,0.951219512195122,0.9230769230769232,equilibrium
28,15,39.0,36,26.0,0.951219512195122,0.9230769230769232,0.7222222222222222,extinguished
28,16,36.0,26,37.0,0.9230769230769232,0.7222222222222222,1.4230769230769231,extinguished
28,17,26.0,37,36.0,0.7222222222222222,1.4230769230769231,0.972972972972973,supercritical
28,18,37.0,36,56.0,1.4230769230769231,0.972972972972973,1.5555555555555556,equilibrium
28,19,36.0,56,-1.0,0.972972972972973,1.5555555555555556,-1.0,supercritical
29,0,-1.0,2,4.0,-1.0,-1.0,2.0,initial
29,1,2.0,4,12.0,-1.0,2.0,3.0,supercritical
29,2,4.0,12,10.0,2.0,3.0,0.8333333333333334,supercritical
29,3,12.0,10,21.0,3.0,0.8333333333333334,2.1,extinguished
29,4,10.0,21,34.0,0.8333333333333334,2.1,1.619047619047619,supercritical
29,5,21.0,34,51.0,2.1,1.619047619047619,1.5,supercritical
29,6,34.0,51,54.0,1.619047619047619,1.5,1.0588235294117647,supercritical
29,7,51.0,54,64.0,1.5,1.0588235294117647,1.1851851851851851,supercritical
29,8,54.0,64,45.0,1.0588235294117647,1.1851851851851851,0.703125,supercritical
29,9,64.0,45,76.0,1.1851851851851851,0.703125,1.6888888888888889,extinguished
29,10,45.0,76,52.0,0.703125,1.6888888888888889,0.6842105263157895,supercritical
29,11,76.0,52,50.0,1.6888888888888889,0.6842105263157895,0.9615384615384616,extinguished
29,12,52.0,50,47.0,0.6842105263157895,0.9615384615384616,0.94,equilibrium
29,13,50.0,47,69.0,0.9615384615384616,0.94,1.4680851063829787,extinguished
29,14,47.0,69,41.0,0.94,1.4680851063829787,0.5942028985507246,supercritical
29,15,69.0,41,56.0,1.4680851063829787,0.5942028985507246,1.3658536585365857,extinguished
29,16,41.0,56,39.0,0.5942028985507246,1.3658536585365857,0.6964285714285714,supercritical
29,17,56.0,39,57.0,1.3658536585365857,0.6964285714285714,1.4615384615384617,extinguished
29,18,39.0,57,63.0,0.6964285714285714,1.4615384615384617,1.105263157894737,supercritical
29,19,57.0,63,-1.0,1.4615384615384617,1.105263157894737,-1.0,supercritical
30,0,-1.0,5,10.0,-1.0,-1.0,2.0,initial
30,1,5.0,10,26.0,-1.0,2.0,2.6,supercritical
30,2,10.0,26,32.0,2.0,2.6,1.2307692307692308,supercritical
30,3,26.0,32,37.0,2.6,1.2307692307692308,1.15625,supercritical
30,4,32.0,37,45.0,1.2307692307692308,1.15625,1.2162162162162162,supercritical
30,5,37.0,45,54.0,1.15625,1.2162162162162162,1.2,supercritical
30,6,45.0,54,67.0,1.2162162162162162,1.2,1.2407407407407407,supercritical
30,7,54.0,67,37.0,1.2,1.2407407407407407,0.5522388059701493,supercritical
30,8,67.0,37,43.0,1.2407407407407407,0.5522388059701493,1.162162162162162,extinguished
30,9,37.0,43,49.0,0.5522388059701493,1.162162162162162,1.1395348837209305,supercritical
30,10,43.0,49,54.0,1.162162162162162,1.1395348837209305,1.1020408163265305,supercritical
30,11,49.0,54,51.0,1.1395348837209305,1.1020408163265305,0.9444444444444444,supercritical
30,12,54.0,51,59.0,1.1020408163265305,0.9444444444444444,1.156862745098039,extinguished
30,13,51.0,59,49.0,0.9444444444444444,1.156862745098039,0.8305084745762712,supercritical
30,14,59.0,49,36.0,1.156862745098039,0.8305084745762712,0.7346938775510204,extinguished
30,15,49.0,36,49.0,0.8305084745762712,0.7346938775510204,1.3611111111111112,extinguished
30,16,36.0,49,58.0,0.7346938775510204,1.3611111111111112,1.183673469387755,supercritical
30,17,49.0,58,64.0,1.3611111111111112,1.183673469387755,1.103448275862069,supercritical
30,18,58.0,64,65.0,1.183673469387755,1.103448275862069,1.015625,supercritical
30,19,64.0,65,-1.0,1.103448275862069,1.015625,-1.0,equilibrium
31,0,-1.0,1,3.0,-1.0,-1.0,3.0,initial
31,1,1.0,3,6.0,-1.0,3.0,2.0,supercritical
31,2,3.0,6,6.0,3.0,2.0,1.0,supercritical
31,3,6.0,6,8.0,2.0,1.0,1.3333333333333333,equilibrium
31,4,6.0,8,10.0,1.0,1.3333333333333333,1.25,supercritical
31,5,8.0,10,16.0,1.3333333333333333,1.25,1.6,supercritical
31,6,10.0,16,27.0,1.25,1.6,1.6875,supercritical
31,7,16.0,27,25.0,1.6,1.6875,0.925925925925926,supercritical
31,8,27.0,25,27.0,1.6875,0.925925925925926,1.08,extinguished
31,9,25.0,27,23.0,0.925925925925926,1.08,0.8518518518518519,supercritical
31,10,27.0,23,32.0,1.08,0.8518518518518519,1.391304347826087,extinguished
31,11,23.0,32,47.0,0.8518518518518519,1.391304347826087,1.46875,supercritical
31,12,32.0,47,59.0,1.391304347826087,1.46875,1.25531914893617,supercritical
31,13,47.0,59,36.0,1.46875,1.25531914893617,0.6101694915254238,supercritical
31,14,59.0,36,40.0,1.25531914893617,0.6101694915254238,1.1111111111111112,extinguished
31,15,36.0,40,34.0,0.6101694915254238,1.1111111111111112,0.85,supercritical
31,16,40.0,34,35.0,1.1111111111111112,0.85,1.0294117647058822,extinguished
31,17,34.0,35,41.0,0.85,1.0294117647058822,1.1714285714285717,equilibrium
31,18,35.0,41,54.0,1.0294117647058822,1.1714285714285717,1.3170731707317074,supercritical
31,19,41.0,54,-1.0,1.1714285714285717,1.3170731707317074,-1.0,supercritical
32,0,-1.0,2,6.0,-1.0,-1.0,3.0,initial
32,1,2.0,6,9.0,-1.0,3.0,1.5,supercritical
32,2,6.0,9,22.0,3.0,1.5,2.4444444444444446,supercritical
32,3,9.0,22,24.0,1.5,2.4444444444444446,1.0909090909090908,supercritical
32,4,22.0,24,29.0,2.4444444444444446,1.0909090909090908,1.2083333333333333,supercritical
32,5,24.0,29,33.0,1.0909090909090908,1.2083333333333333,1.137931034482759,supercritical
32,6,29.0,33,61.0,1.2083333333333333,1.137931034482759,1.8484848484848484,supercritical
32,7,33.0,61,32.0,1.137931034482759,1.8484848484848484,0.5245901639344263,supercritical
32,8,61.0,32,36.0,1.8484848484848484,0.5245901639344263,1.125,extinguished
32,9,32.0,36,57.0,0.5245901639344263,1.125,1.5833333333333333,supercritical
32,10,36.0,57,42.0,1.125,1.5833333333333333,0.7368421052631579,supercritical
32,11,57.0,42,45.0,1.5833333333333333,0.7368421052631579,1.0714285714285714,extinguished
32,12,42.0,45,24.0,0.7368421052631579,1.0714285714285714,0.5333333333333333,supercritical
32,13,45.0,24,24.0,1.0714285714285714,0.5333333333333333,1.0,extinguished
32,14,24.0,24,33.0,0.5333333333333333,1.0,1.375,equilibrium
32,15,24.0,33,46.0,1.0,1.375,1.393939393939394,supercritical
32,16,33.0,46,57.0,1.375,1.393939393939394,1.2391304347826086,supercritical
32,17,46.0,57,30.0,1.393939393939394,1.2391304347826086,0.5263157894736842,supercritical
32,18,57.0,30,35.0,1.2391304347826086,0.5263157894736842,1.1666666666666667,extinguished
32,19,30.0,35,-1.0,0.5263157894736842,1.1666666666666667,-1.0,supercritical
33,0,-1.0,5,11.0,-1.0,-1.0,2.2,initial
33,1,5.0,11,17.0,-1.0,2.2,1.5454545454545454,supercritical
33,2,11.0,17,18.0,2.2,1.5454545454545454,1.0588235294117647,supercritical
33,3,17.0,18,17.0,1.5454545454545454,1.0588235294117647,0.9444444444444444,supercritical
33,4,18.0,17,25.0,1.0588235294117647,0.9444444444444444,1.4705882352941178,extinguished
33,5,17.0,25,31.0,0.9444444444444444,1.4705882352941178,1.24,supercritical
33,6,25.0,31,39.0,1.4705882352941178,1.24,1.2580645161290325,supercritical
33,7,31.0,39,44.0,1.24,1.2580645161290325,1.1282051282051282,supercritical
33,8,39.0,44,38.0,1.2580645161290325,1.1282051282051282,0.8636363636363636,supercritical
33,9,44.0,38,45.0,1.1282051282051282,0.8636363636363636,1.1842105263157894,extinguished
33,10,38.0,45,52.0,0.8636363636363636,1.1842105263157894,1.1555555555555554,supercritical
33,11,45.0,52,72.0,1.1842105263157894,1.1555555555555554,1.3846153846153846,supercritical
33,12,52.0,72,40.0,1.1555555555555554,1.3846153846153846,0.5555555555555556,supercritical
33,13,72.0,40,30.0,1.3846153846153846,0.5555555555555556,0.75,extinguished
33,14,40.0,30,43.0,0.5555555555555556,0.75,1.4333333333333331,extinguished
33,15,30.0,43,54.0,0.75,1.4333333333333331,1.255813953488372,supercritical
33,16,43.0,54,36.0,1.4333333333333331,1.255813953488372,0.6666666666666666,supercritical
33,17,54.0,36,37.0,1.255813953488372,0.6666666666666666,1.0277777777777777,extinguished
33,18,36.0,37,51.0,0.6666666666666666,1.0277777777777777,1.3783783783783785,equilibrium
33,19,37.0,51,-1.0,1.0277777777777777,1.3783783783783785,-1.0,supercritical
34,0,-1.0,1,2.0,-1.0,-1.0,2.0,initial
34,1,1.0,2,3.0,-1.0,2.0,1.5,supercritical
34,2,2.0,3,4.0,2.0,1.5,1.3333333333333333,supercritical
34,3,3.0,4,7.0,1.5,1.3333333333333333,1.75,supercritical
34,4,4.0,7,16.0,1.3333333333333333,1.75,2.2857142857142856,supercritical
34,5,7.0,16,25.0,1.75,2.2857142857142856,1.5625,supercritical
34,6,16.0,25,30.0,2.2857142857142856,1.5625,1.2,supercritical
34,7,25.0,30,42.0,1.5625,1.2,1.4,supercritical
34,8,30.0,42,50.0,1.2,1.4,1.1904761904761905,supercritical
34,9,42.0,50,39.0,1.4,1.1904761904761905,0.78,supercritical
34,10,50.0,39,54.0,1.1904761904761905,0.78,1.3846153846153846,extinguished
34,11,39.0,54,50.0,0.78,1.3846153846153846,0.925925925925926,supercritical
34,12,54.0,50,45.0,1.3846153846153846,0.925925925925926,0.9,extinguished
34,13,50.0,45,41.0,0.925925925925926,0.9,0.9111111111111112,extinguished
34,14,45.0,41,48.0,0.9,0.9111111111111112,1.170731707317073,extinguished
34,15,41.0,48,51.0,0.9111111111111112,1.170731707317073,1.0625,supercritical
34,16,48.0,51,30.0,1.170731707317073,1.0625,0.5882352941176471,supercritical
34,17,51.0,30,42.0,1.0625,0.5882352941176471,1.4,extinguished
34,18,30.0,42,39.0,0.5882352941176471,1.4,0.9285714285714286,supercritical
34,19,42.0,39,-1.0,1.4,0.9285714285714286,-1.0,extinguished
35,0,-1.0,2,2.0,-1.0,-1.0,1.0,initial
35,1,2.0,2,3.0,-1.0,1.0,1.5,equilibrium
35,2,2.0,3,3.0,1.0,1.5,1.0,supercritical
35,3,3.0,3,5.0,1.5,1.0,1.6666666666666667,equilibrium
35,4,3.0,5,15.0,1.0,1.6666666666666667,3.0,supercritical
35,5,5.0,15,20.0,1.6666666666666667,3.0,1.3333333333333333,supercritical
35,6,15.0,20,45.0,3.0,1.3333333333333333,2.25,supercritical
35,7,20.0,45,63.0,1.3333333333333333,2.25,1.4,supercritical
35,8,45.0,63,39.0,2.25,1.4,0.6190476190476191,supercritical
35,9,63.0,39,45.0,1.4,0.6190476190476191,1.1538461538461535,extinguished
35,10,39.0,45,49.0,0.6190476190476191,1.1538461538461535,1.0888888888888888,supercritical
35,11,45.0,49,48.0,1.1538461538461535,1.0888888888888888,0.979591836734694,supercritical
35,12,49.0,48,46.0,1.0888888888888888,0.979591836734694,0.9583333333333334,equilibrium
35,13,48.0,46,57.0,0.979591836734694,0.9583333333333334,1.2391304347826086,equilibrium
35,14,46.0,57,41.0,0.9583333333333334,1.2391304347826086,0.7192982456140351,supercritical
35,15,57.0,41,38.0,1.2391304347826086,0.7192982456140351,0.926829268292683,extinguished
35,16,41.0,38,33.0,0.7192982456140351,0.926829268292683,0.868421052631579,extinguished
35,17,38.0,33,51.0,0.926829268292683,0.868421052631579,1.5454545454545454,extinguished
35,18,33.0,51,42.0,0.868421052631579,1.5454545454545454,0.8235294117647058,supercritical
35,19,51.0,42,-1.0,1.5454545454545454,0.8235294117647058,-1.0,extinguished
36,0,-1.0,4,9.0,-1.0,-1.0,2.25,initial
36,1,4.0,9,14.0,-1.0,2.25,1.5555555555555556,supercritical
36,2,9.0,14,29.0,2.25,1.5555555555555556,2.071428571428572,supercritical
36,3,14.0,29,39.0,1.5555555555555556,2.071428571428572,1.3448275862068966,supercritical
36,4,29.0,39,65.0,2.071428571428572,1.3448275862068966,1.6666666666666667,supercritical
36,5,39.0,65,68.0,1.3448275862068966,1.6666666666666667,1.0461538461538462,supercritical
36,6,65.0,68,38.0,1.6666666666666667,1.0461538461538462,0.5588235294117647,equilibrium
36,7,68.0,38,36.0,1.0461538461538462,0.5588235294117647,0.9473684210526316,extinguished
36,8,38.0,36,44.0,0.5588235294117647,0.9473684210526316,1.2222222222222223,extinguished
36,9,36.0,44,52.0,0.9473684210526316,1.2222222222222223,1.181818181818182,supercritical
36,10,44.0,52,74.0,1.2222222222222223,1.181818181818182,1.4230769230769231,supercritical
36,11,52.0,74,22.0,1.181818181818182,1.4230769230769231,0.2972972972972973,supercritical
36,12,74.0,22,32.0,1.4230769230769231,0.2972972972972973,1.4545454545454546,extinguished
36,13,22.0,32,41.0,0.2972972972972973,1.4545454545454546,1.28125,supercritical
36,14,32.0,41,34.0,1.4545454545454546,1.28125,0.8292682926829268,supercritical
36,15,41.0,34,50.0,1.28125,0.8292682926829268,1.4705882352941178,extinguished
36,16,34.0,50,43.0,0.8292682926829268,1.4705882352941178,0.86,supercritical
36,17,50.0,43,57.0,1.4705882352941178,0.86,1.3255813953488371,extinguished
36,18,43.0,57,38.0,0.86,1.3255813953488371,0.6666666666666666,supercritical
36,19,57.0,38,-1.0,1.3255813953488371,0.6666666666666666,-1.0,extinguished
37,0,-1.0,4,6.0,-1.0,-1.0,1.5,initial
37,1,4.0,6,6.0,-1.0,1.5,1.0,supercritical
37,2,6.0,6,12.0,1.5,1.0,2.0,equilibrium
37,3,6.0,12,20.0,1.0,2.0,1.6666666666666667,supercritical
37,4,12.0,20,27.0,2.0,1.6666666666666667,1.35,supercritical
37,5,20.0,27,28.0,1.6666666666666667,1.35,1.037037037037037,supercritical
37,6,27.0,28,36.0,1.35,1.037037037037037,1.2857142857142858,equilibrium
37,7,28.0,36,56.0,1.037037037037037,1.2857142857142858,1.5555555555555556,supercritical
37,8,36.0,56,47.0,1.2857142857142858,1.5555555555555556,0.8392857142857143,supercritical
37,9,56.0,47,48.0,1.5555555555555556,0.8392857142857143,1.0212765957446808,extinguished
37,10,47.0,48,44.0,0.8392857142857143,1.0212765957446808,0.9166666666666666,equilibrium
37,11,48.0,44,44.0,1.0212765957446808,0.9166666666666666,1.0,extinguished
37,12,44.0,44,59.0,0.9166666666666666,1.0,1.3409090909090908,equilibrium
37,13,44.0,59,55.0,1.0,1.3409090909090908,0.9322033898305084,supercritical
37,14,59.0,55,35.0,1.3409090909090908,0.9322033898305084,0.6363636363636364,extinguished
37,15,55.0,35,35.0,0.9322033898305084,0.6363636363636364,1.0,extinguished
37,16,35.0,35,40.0,0.6363636363636364,1.0,1.1428571428571428,equilibrium
37,17,35.0,40,45.0,1.0,1.1428571428571428,1.125,supercritical
37,18,40.0,45,44.0,1.1428571428571428,1.125,0.9777777777777776,supercritical
37,19,45.0,44,-1.0,1.125,0.9777777777777776,-1.0,equilibrium
38,0,-1.0,3,15.0,-1.0,-1.0,5.0,initial
38,1,3.0,15,28.0,-1.0,5.0,1.8666666666666667,supercritical
38,2,15.0,28,36.0,5.0,1.8666666666666667,1.2857142857142858,supercritical
38,3,28.0,36,41.0,1.8666666666666667,1.2857142857142858,1.1388888888888888,supercritical
38,4,36.0,41,45.0,1.2857142857142858,1.1388888888888888,1.0975609756097562,supercritical
38,5,41.0,45,41.0,1.1388888888888888,1.0975609756097562,0.9111111111111112,supercritical
38,6,45.0,41,42.0,1.0975609756097562,0.9111111111111112,1.024390243902439,extinguished
38,7,41.0,42,47.0,0.9111111111111112,1.024390243902439,1.119047619047619,equilibrium
38,8,42.0,47,40.0,1.024390243902439,1.119047619047619,0.851063829787234,supercritical
38,9,47.0,40,53.0,1.119047619047619,0.851063829787234,1.325,extinguished
38,10,40.0,53,62.0,0.851063829787234,1.325,1.169811320754717,supercritical
38,11,53.0,62,41.0,1.325,1.169811320754717,0.6612903225806451,supercritical
38,12,62.0,41,43.0,1.169811320754717,0.6612903225806451,1.048780487804878,extinguished
38,13,41.0,43,54.0,0.6612903225806451,1.048780487804878,1.255813953488372,equilibrium
38,14,43.0,54,47.0,1.048780487804878,1.255813953488372,0.8703703703703703,supercritical
38,15,54.0,47,39.0,1.255813953488372,0.8703703703703703,0.8297872340425532,extinguished
38,16,47.0,39,39.0,0.8703703703703703,0.8297872340425532,1.0,extinguished
38,17,39.0,39,64.0,0.8297872340425532,1.0,1.641025641025641,equilibrium
38,18,39.0,64,54.0,1.0,1.641025641025641,0.84375,supercritical
38,19,64.0,54,-1.0,1.641025641025641,0.84375,-1.0,extinguished
39,0,-1.0,4,7.0,-1.0,-1.0,1.75,initial
39,1,4.0,7,12.0,-1.0,1.75,1.7142857142857142,supercritical
39,2,7.0,12,24.0,1.75,1.7142857142857142,2.0,supercritical
39,3,12.0,24,37.0,1.7142857142857142,2.0,1.5416666666666667,supercritical
39,4,24.0,37,42.0,2.0,1.5416666666666667,1.135135135135135,supercritical
39,5,37.0,42,26.0,1.5416666666666667,1.135135135135135,0.6190476190476191,supercritical
39,6,42.0,26,36.0,1.135135135135135,0.6190476190476191,1.3846153846153846,extinguished
39,7,26.0,36,41.0,0.6190476190476191,1.3846153846153846,1.1388888888888888,supercritical
39,8,36.0,41,47.0,1.3846153846153846,1.1388888888888888,1.146341463414634,supercritical
39,9,41.0,47,51.0,1.1388888888888888,1.146341463414634,1.0851063829787233,supercritical
39,10,47.0,51,42.0,1.146341463414634,1.0851063829787233,0.8235294117647058,supercritical
39,11,51.0,42,44.0,1.0851063829787233,0.8235294117647058,1.0476190476190477,extinguished
39,12,42.0,44,49.0,0.8235294117647058,1.0476190476190477,1.1136363636363635,equilibrium
39,13,44.0,49,50.0,1.0476190476190477,1.1136363636363635,1.020408163265306,supercritical
39,14,49.0,50,38.0,1.1136363636363635,1.020408163265306,0.76,equilibrium
39,15,50.0,38,42.0,1.020408163265306,0.76,1.105263157894737,extinguished
39,16,38.0,42,51.0,0.76,1.105263157894737,1.2142857142857142,supercritical
39,17,42.0,51,30.0,1.105263157894737,1.2142857142857142,0.5882352941176471,supercritical
39,18,51.0,30,39.0,1.2142857142857142,0.5882352941176471,1.3,extinguished
39,19,30.0,39,-1.0,0.5882352941176471,1.3,-1.0,supercritical
40,0,-1.0,3,3.0,-1.0,-1.0,1.0,initial
40,1,3.0,3,5.0,-1.0,1.0,1.6666666666666667,equilibrium
40,2,3.0,5,9.0,1.0,1.6666666666666667,1.8,supercritical
40,3,5.0,9,20.0,1.6666666666666667,1.8,2.2222222222222223,supercritical
40,4,9.0,20,35.0,1.8,2.2222222222222223,1.75,supercritical
40,5,20.0,35,31.0,2.2222222222222223,1.75,0.8857142857142857,supercritical
40,6,35.0,31,41.0,1.75,0.8857142857142857,1.3225806451612905,extinguished
40,7,31.0,41,47.0,0.8857142857142857,1.3225806451612905,1.146341463414634,supercritical
40,8,41.0,47,56.0,1.3225806451612905,1.146341463414634,1.1914893617021276,supercritical
40,9,47.0,56,52.0,1.146341463414634,1.1914893617021276,0.9285714285714286,supercritical
40,10,56.0,52,54.0,1.1914893617021276,0.9285714285714286,1.0384615384615383,extinguished
40,11,52.0,54,55.0,0.9285714285714286,1.0384615384615383,1.0185185185185186,equilibrium
40,12,54.0,55,49.0,1.0384615384615383,1.0185185185185186,0.8909090909090909,equilibrium
40,13,55.0,49,42.0,1.0185185185185186,0.8909090909090909,0.8571428571428571,extinguished
40,14,49.0,42,39.0,0.8909090909090909,0.8571428571428571,0.9285714285714286,extinguished
40,15,42.0,39,66.0,0.8571428571428571,0.9285714285714286,1.6923076923076923,extinguished
40,16,39.0,66,46.0,0.9285714285714286,1.6923076923076923,0.696969696969697,supercritical
40,17,66.0,46,46.0,1.6923076923076923,0.696969696969697,1.0,extinguished
40,18,46.0,46,52.0,0.696969696969697,1.0,1.1304347826086956,equilibrium
40,19,46.0,52,-1.0,1.0,1.1304347826086956,-1.0,supercritical
41,0,-1.0,1,1.0,-1.0,-1.0,1.0,initial
41,1,1.0,1,2.0,-1.0,1.0,2.0,equilibrium
41,2,1.0,2,0.0,1.0,2.0,0.0,supercritical
41,3,2.0,0,0.0,2.0,0.0,0.0,extinguished
41,4,0.0,0,0.0,0.0,0.0,0.0,extinguished
41,5,0.0,0,0.0,0.0,0.0,0.0,extinguished
41,6,0.0,0,0.0,0.0,0.0,0.0,extinguished
41,7,0.0,0,0.0,0.0,0.0,0.0,extinguished
41,8,0.0,0,0.0,0.0,0.0,0.0,extinguished
41,9,0.0,0,0.0,0.0,0.0,0.0,extinguished
41,10,0.0,0,0.0,0.0,0.0,0.0,extinguished
41,11,0.0,0,0.0,0.0,0.0,0.0,extinguished
41,12,0.0,0,0.0,0.0,0.0,0.0,extinguished
41,13,0.0,0,0.0,0.0,0.0,0.0,extinguished
41,14,0.0,0,0.0,0.0,0.0,0.0,extinguished
41,15,0.0,0,0.0,0.0,0.0,0.0,extinguished
41,16,0.0,0,0.0,0.0,0.0,0.0,extinguished
41,17,0.0,0,0.0,0.0,0.0,0.0,extinguished
41,18,0.0,0,0.0,0.0,0.0,0.0,extinguished
41,19,0.0,0,-1.0,0.0,0.0,-1.0,extinguished
42,0,-1.0,1,3.0,-1.0,-1.0,3.0,initial
42,1,1.0,3,3.0,-1.0,3.0,1.0,supercritical
42,2,3.0,3,11.0,3.0,1.0,3.6666666666666665,equilibrium
42,3,3.0,11,16.0,1.0,3.6666666666666665,1.4545454545454546,supercritical
42,4,11.0,16,20.0,3.6666666666666665,1.4545454545454546,1.25,supercritical
42,5,16.0,20,36.0,1.4545454545454546,1.25,1.8,supercritical
42,6,20.0,36,55.0,1.25,1.8,1.5277777777777777,supercritical
42,7,36.0,55,45.0,1.8,1.5277777777777777,0.8181818181818182,supercritical
42,8,55.0,45,58.0,1.5277777777777777,0.8181818181818182,1.288888888888889,extinguished
42,9,45.0,58,50.0,0.8181818181818182,1.288888888888889,0.8620689655172413,supercritical
42,10,58.0,50,56.0,1.288888888888889,0.8620689655172413,1.12,extinguished
42,11,50.0,56,49.0,0.8620689655172413,1.12,0.875,supercritical
42,12,56.0,49,60.0,1.12,0.875,1.2244897959183674,extinguished
42,13,49.0,60,45.0,0.875,1.2244897959183674,0.75,supercritical
42,14,60.0,45,46.0,1.2244897959183674,0.75,1.022222222222222,extinguished
42,15,45.0,46,50.0,0.75,1.022222222222222,1.0869565217391304,equilibrium
42,16,46.0,50,61.0,1.022222222222222,1.0869565217391304,1.22,supercritical
42,17,50.0,61,36.0,1.0869565217391304,1.22,0.5901639344262295,supercritical
42,18,61.0,36,43.0,1.22,0.5901639344262295,1.1944444444444444,extinguished
42,19,36.0,43,-1.0,0.5901639344262295,1.1944444444444444,-1.0,supercritical
43,0,-1.0,1,1.0,-1.0,-1.0,1.0,initial
43,1,1.0,1,0.0,-1.0,1.0,0.0,equilibrium
43,2,1.0,0,0.0,1.0,0.0,0.0,extinguished
43,3,0.0,0,0.0,0.0,0.0,0.0,extinguished
43,4,0.0,0,0.0,0.0,0.0,0.0,extinguished
43,5,0.0,0,0.0,0.0,0.0,0.0,extinguished
43,6,0.0,0,0.0,0.0,0.0,0.0,extinguished
43,7,0.0,0,0.0,0.0,0.0,0.0,extinguished
43,8,0.0,0,0.0,0.0,0.0,0.0,extinguished
43,9,0.0,0,0.0,0.0,0.0,0.0,extinguished
43,10,0.0,0,0.0,0.0,0.0,0.0,extinguished
43,11,0.0,0,0.0,0.0,0.0,0.0,extinguished
43,12,0.0,0,0.0,0.0,0.0,0.0,extinguished
43,13,0.0,0,0.0,0.0,0.0,0.0,extinguished
43,14,0.0,0,0.0,0.0,0.0,0.0,extinguished
43,15,0.0,0,0.0,0.0,0.0,0.0,extinguished
43,16,0.0,0,0.0,0.0,0.0,0.0,extinguished
43,17,0.0,0,0.0,0.0,0.0,0.0,extinguished
43,18,0.0,0,0.0,0.0,0.0,0.0,extinguished
43,19,0.0,0,-1.0,0.0,0.0,-1.0,extinguished
44,0,-1.0,5,10.0,-1.0,-1.0,2.0,initial
44,1,5.0,10,18.0,-1.0,2.0,1.8,supercritical
44,2,10.0,18,25.0,2.0,1.8,1.3888888888888888,supercritical
44,3,18.0,25,41.0,1.8,1.3888888888888888,1.64,supercritical
44,4,25.0,41,52.0,1.3888888888888888,1.64,1.2682926829268293,supercritical
44,5,41.0,52,50.0,1.64,1.2682926829268293,0.9615384615384616,supercritical
44,6,52.0,50,48.0,1.2682926829268293,0.9615384615384616,0.96,equilibrium
44,7,50.0,48,58.0,0.9615384615384616,0.96,1.2083333333333333,equilibrium
44,8,48.0,58,48.0,0.96,1.2083333333333333,0.8275862068965517,supercritical
44,9,58.0,48,44.0,1.2083333333333333,0.8275862068965517,0.9166666666666666,extinguished
44,10,48.0,44,38.0,0.8275862068965517,0.9166666666666666,0.8636363636363636,extinguished
44,11,44.0,38,67.0,0.9166666666666666,0.8636363636363636,1.763157894736842,extinguished
44,12,38.0,67,42.0,0.8636363636363636,1.763157894736842,0.6268656716417911,supercritical
44,13,67.0,42,45.0,1.763157894736842,0.6268656716417911,1.0714285714285714,extinguished
44,14,42.0,45,55.0,0.6268656716417911,1.0714285714285714,1.2222222222222223,supercritical
44,15,45.0,55,63.0,1.0714285714285714,1.2222222222222223,1.1454545454545455,supercritical
44,16,55.0,63,40.0,1.2222222222222223,1.1454545454545455,0.6349206349206349,supercritical
44,17,63.0,40,55.0,1.1454545454545455,0.6349206349206349,1.375,extinguished
44,18,40.0,55,68.0,0.6349206349206349,1.375,1.2363636363636363,supercritical
44,19,55.0,68,-1.0,1.375,1.2363636363636363,-1.0,supercritical
45,0,-1.0,5,11.0,-1.0,-1.0,2.2,initial
45,1,5.0,11,15.0,-1.0,2.2,1.3636363636363635,supercritical
45,2,11.0,15,28.0,2.2,1.3636363636363635,1.8666666666666667,supercritical
45,3,15.0,28,39.0,1.3636363636363635,1.8666666666666667,1.3928571428571428,supercritical
45,4,28.0,39,27.0,1.8666666666666667,1.3928571428571428,0.6923076923076923,supercritical
45,5,39.0,27,22.0,1.3928571428571428,0.6923076923076923,0.8148148148148148,extinguished
45,6,27.0,22,36.0,0.6923076923076923,0.8148148148148148,1.6363636363636365,extinguished
45,7,22.0,36,34.0,0.8148148148148148,1.6363636363636365,0.9444444444444444,supercritical
45,8,36.0,34,46.0,1.6363636363636365,0.9444444444444444,1.3529411764705883,extinguished
45,9,34.0,46,46.0,0.9444444444444444,1.3529411764705883,1.0,supercritical
45,10,46.0,46,62.0,1.3529411764705883,1.0,1.3478260869565215,equilibrium
45,11,46.0,62,26.0,1.0,1.3478260869565215,0.4193548387096774,supercritical
45,12,62.0,26,27.0,1.3478260869565215,0.4193548387096774,1.0384615384615383,extinguished
45,13,26.0,27,24.0,0.4193548387096774,1.0384615384615383,0.8888888888888888,equilibrium
45,14,27.0,24,26.0,1.0384615384615383,0.8888888888888888,1.0833333333333333,extinguished
45,15,24.0,26,30.0,0.8888888888888888,1.0833333333333333,1.1538461538461535,supercritical
45,16,26.0,30,25.0,1.0833333333333333,1.1538461538461535,0.8333333333333334,supercritical
45,17,30.0,25,33.0,1.1538461538461535,0.8333333333333334,1.32,extinguished
45,18,25.0,33,35.0,0.8333333333333334,1.32,1.0606060606060606,supercritical
45,19,33.0,35,-1.0,1.32,1.0606060606060606,-1.0,supercritical
46,0,-1.0,2,3.0,-1.0,-1.0,1.5,initial
46,1,2.0,3,4.0,-1.0,1.5,1.3333333333333333,supercritical
46,2,3.0,4,4.0,1.5,1.3333333333333333,1.0,supercritical
46,3,4.0,4,5.0,1.3333333333333333,1.0,1.25,equilibrium
46,4,4.0,5,11.0,1.0,1.25,2.2,supercritical
46,5,5.0,11,23.0,1.25,2.2,2.090909090909091,supercritical
46,6,11.0,23,49.0,2.2,2.090909090909091,2.130434782608696,supercritical
46,7,23.0,49,58.0,2.090909090909091,2.130434782608696,1.183673469387755,supercritical
46,8,49.0,58,50.0,2.130434782608696,1.183673469387755,0.8620689655172413,supercritical
46,9,58.0,50,52.0,1.183673469387755,0.8620689655172413,1.04,extinguished
46,10,50.0,52,51.0,0.8620689655172413,1.04,0.9807692307692308,equilibrium
46,11,52.0,51,43.0,1.04,0.9807692307692308,0.8431372549019608,equilibrium
46,12,51.0,43,57.0,0.9807692307692308,0.8431372549019608,1.3255813953488371,extinguished
46,13,43.0,57,50.0,0.8431372549019608,1.3255813953488371,0.8771929824561403,supercritical
46,14,57.0,50,45.0,1.3255813953488371,0.8771929824561403,0.9,extinguished
46,15,50.0,45,33.0,0.8771929824561403,0.9,0.7333333333333333,extinguished
46,16,45.0,33,55.0,0.9,0.7333333333333333,1.6666666666666667,extinguished
46,17,33.0,55,41.0,0.7333333333333333,1.6666666666666667,0.7454545454545455,supercritical
46,18,55.0,41,41.0,1.6666666666666667,0.7454545454545455,1.0,extinguished
46,19,41.0,41,-1.0,0.7454545454545455,1.0,-1.0,equilibrium
47,0,-1.0,3,6.0,-1.0,-1.0,2.0,initial
47,1,3.0,6,8.0,-1.0,2.0,1.3333333333333333,supercritical
47,2,6.0,8,11.0,2.0,1.3333333333333333,1.375,supercritical
47,3,8.0,11,20.0,1.3333333333333333,1.375,1.818181818181818,supercritical
47,4,11.0,20,28.0,1.375,1.818181818181818,1.4,supercritical
47,5,20.0,28,37.0,1.818181818181818,1.4,1.3214285714285714,supercritical
47,6,28.0,37,44.0,1.4,1.3214285714285714,1.1891891891891893,supercritical
47,7,37.0,44,29.0,1.3214285714285714,1.1891891891891893,0.6590909090909091,supercritical
47,8,44.0,29,17.0,1.1891891891891893,0.6590909090909091,0.5862068965517241,extinguished
47,9,29.0,17,24.0,0.6590909090909091,0.5862068965517241,1.411764705882353,extinguished
47,10,17.0,24,27.0,0.5862068965517241,1.411764705882353,1.125,supercritical
47,11,24.0,27,35.0,1.411764705882353,1.125,1.2962962962962965,supercritical
47,12,27.0,35,31.0,1.125,1.2962962962962965,0.8857142857142857,supercritical
47,13,35.0,31,38.0,1.2962962962962965,0.8857142857142857,1.2258064516129032,extinguished
47,14,31.0,38,44.0,0.8857142857142857,1.2258064516129032,1.1578947368421053,supercritical
47,15,38.0,44,47.0,1.2258064516129032,1.1578947368421053,1.068181818181818,supercritical
47,16,44.0,47,34.0,1.1578947368421053,1.068181818181818,0.723404255319149,supercritical
47,17,47.0,34,45.0,1.068181818181818,0.723404255319149,1.3235294117647058,extinguished
47,18,34.0,45,58.0,0.723404255319149,1.3235294117647058,1.288888888888889,supercritical
47,19,45.0,58,-1.0,1.3235294117647058,1.288888888888889,-1.0,supercritical
48,0,-1.0,5,13.0,-1.0,-1.0,2.6,initial
48,1,5.0,13,16.0,-1.0,2.6,1.2307692307692308,supercritical
48,2,13.0,16,18.0,2.6,1.2307692307692308,1.125,supercritical
48,3,16.0,18,24.0,1.2307692307692308,1.125,1.3333333333333333,supercritical
48,4,18.0,24,30.0,1.125,1.3333333333333333,1.25,supercritical
48,5,24.0,30,33.0,1.3333333333333333,1.25,1.1,supercritical
48,6,30.0,33,34.0,1.25,1.1,1.0303030303030305,supercritical
48,7,33.0,34,42.0,1.1,1.0303030303030305,1.2352941176470589,equilibrium
48,8,34.0,42,39.0,1.0303030303030305,1.2352941176470589,0.9285714285714286,supercritical
48,9,42.0,39,44.0,1.2352941176470589,0.9285714285714286,1.1282051282051282,extinguished
48,10,39.0,44,43.0,0.9285714285714286,1.1282051282051282,0.9772727272727272,supercritical
48,11,44.0,43,40.0,1.1282051282051282,0.9772727272727272,0.9302325581395348,equilibrium
48,12,43.0,40,50.0,0.9772727272727272,0.9302325581395348,1.25,extinguished
48,13,40.0,50,35.0,0.9302325581395348,1.25,0.7,supercritical
48,14,50.0,35,28.0,1.25,0.7,0.8,extinguished
48,15,35.0,28,30.0,0.7,0.8,1.0714285714285714,extinguished
48,16,28.0,30,34.0,0.8,1.0714285714285714,1.1333333333333333,supercritical
48,17,30.0,34,37.0,1.0714285714285714,1.1333333333333333,1.088235294117647,supercritical
48,18,34.0,37,42.0,1.1333333333333333,1.088235294117647,1.135135135135135,supercritical
48,19,37.0,42,-1.0,1.088235294117647,1.135135135135135,-1.0,supercritical
49,0,-1.0,4,13.0,-1.0,-1.0,3.25,initial
49,1,4.0,13,14.0,-1.0,3.25,1.0769230769230769,supercritical
49,2,13.0,14,14.0,3.25,1.0769230769230769,1.0,supercritical
49,3,14.0,14,28.0,1.0769230769230769,1.0,2.0,equilibrium
49,4,14.0,28,37.0,1.0,2.0,1.3214285714285714,supercritical
49,5,28.0,37,40.0,2.0,1.3214285714285714,1.0810810810810811,supercritical
49,6,37.0,40,50.0,1.3214285714285714,1.0810810810810811,1.25,supercritical
49,7,40.0,50,68.0,1.0810810810810811,1.25,1.36,supercritical
49,8,50.0,68,35.0,1.25,1.36,0.5147058823529411,supercritical
49,9,68.0,35,58.0,1.36,0.5147058823529411,1.6571428571428573,extinguished
49,10,35.0,58,35.0,0.5147058823529411,1.6571428571428573,0.603448275862069,supercritical
49,11,58.0,35,56.0,1.6571428571428573,0.603448275862069,1.6,extinguished
49,12,35.0,56,78.0,0.603448275862069,1.6,1.3928571428571428,supercritical
49,13,56.0,78,65.0,1.6,1.3928571428571428,0.8333333333333334,supercritical
49,14,78.0,65,42.0,1.3928571428571428,0.8333333333333334,0.6461538461538462,extinguished
49,15,65.0,42,42.0,0.8333333333333334,0.6461538461538462,1.0,extinguished
49,16,42.0,42,57.0,0.6461538461538462,1.0,1.3571428571428572,equilibrium
49,17,42.0,57,43.0,1.0,1.3571428571428572,0.7543859649122807,supercritical
49,18,57.0,43,61.0,1.3571428571428572,0.7543859649122807,1.4186046511627908,extinguished
49,19,43.0,61,-1.0,0.7543859649122807,1.4186046511627908,-1.0,supercritical
50,0,-1.0,4,5.0,-1.0,-1.0,1.25,initial
50,1,4.0,5,4.0,-1.0,1.25,0.8,supercritical
50,2,5.0,4,10.0,1.25,0.8,2.5,extinguished
50,3,4.0,10,19.0,0.8,2.5,1.9,supercritical
50,4,10.0,19,37.0,2.5,1.9,1.947368421052632,supercritical
50,5,19.0,37,42.0,1.9,1.947368421052632,1.135135135135135,supercritical
50,6,37.0,42,64.0,1.947368421052632,1.135135135135135,1.5238095238095235,supercritical
50,7,42.0,64,54.0,1.135135135135135,1.5238095238095235,0.84375,supercritical
50,8,64.0,54,55.0,1.5238095238095235,0.84375,1.0185185185185186,extinguished
50,9,54.0,55,50.0,0.84375,1.0185185185185186,0.9090909090909092,equilibrium
50,10,55.0,50,39.0,1.0185185185185186,0.9090909090909092,0.78,extinguished
50,11,50.0,39,47.0,0.9090909090909092,0.78,1.205128205128205,extinguished
50,12,39.0,47,36.0,0.78,1.205128205128205,0.7659574468085106,supercritical
50,13,47.0,36,40.0,1.205128205128205,0.7659574468085106,1.1111111111111112,extinguished
50,14,36.0,40,50.0,0.7659574468085106,1.1111111111111112,1.25,supercritical
50,15,40.0,50,53.0,1.1111111111111112,1.25,1.06,supercritical
50,16,50.0,53,43.0,1.25,1.06,0.8113207547169812,supercritical
50,17,53.0,43,38.0,1.06,0.8113207547169812,0.8837209302325582,extinguished
50,18,43.0,38,35.0,0.8113207547169812,0.8837209302325582,0.9210526315789472,extinguished
50,19,38.0,35,-1.0,0.8837209302325582,0.9210526315789472,-1.0,extinguished
51,0,-1.0,4,10.0,-1.0,-1.0,2.5,initial
51,1,4.0,10,15.0,-1.0,2.5,1.5,supercritical
51,2,10.0,15,20.0,2.5,1.5,1.3333333333333333,supercritical
51,3,15.0,20,35.0,1.5,1.3333333333333333,1.75,supercritical
51,4,20.0,35,53.0,1.3333333333333333,1.75,1.5142857142857142,supercritical
51,5,35.0,53,38.0,1.75,1.5142857142857142,0.7169811320754716,supercritical
51,6,53.0,38,33.0,1.5142857142857142,0.7169811320754716,0.868421052631579,extinguished
51,7,38.0,33,32.0,0.7169811320754716,0.868421052631579,0.9696969696969696,extinguished
51,8,33.0,32,55.0,0.868421052631579,0.9696969696969696,1.71875,equilibrium
51,9,32.0,55,50.0,0.9696969696969696,1.71875,0.9090909090909092,supercritical
51,10,55.0,50,49.0,1.71875,0.9090909090909092,0.98,extinguished
51,11,50.0,49,58.0,0.9090909090909092,0.98,1.183673469387755,equilibrium
51,12,49.0,58,43.0,0.98,1.183673469387755,0.7413793103448276,supercritical
51,13,58.0,43,39.0,1.183673469387755,0.7413793103448276,0.9069767441860463,extinguished
51,14,43.0,39,36.0,0.7413793103448276,0.9069767441860463,0.9230769230769232,extinguished
51,15,39.0,36,40.0,0.9069767441860463,0.9230769230769232,1.1111111111111112,extinguished
51,16,36.0,40,39.0,0.9230769230769232,1.1111111111111112,0.975,supercritical
51,17,40.0,39,53.0,1.1111111111111112,0.975,1.358974358974359,equilibrium
51,18,39.0,53,43.0,0.975,1.358974358974359,0.8113207547169812,supercritical
51,19,53.0,43,-1.0,1.358974358974359,0.8113207547169812,-1.0,extinguished
52,0,-1.0,3,8.0,-1.0,-1.0,2.6666666666666665,initial
52,1,3.0,8,19.0,-1.0,2.6666666666666665,2.375,supercritical
52,2,8.0,19,38.0,2.6666666666666665,2.375,2.0,supercritical
52,3,19.0,38,41.0,2.375,2.0,1.0789473684210529,supercritical
52,4,38.0,41,50.0,2.0,1.0789473684210529,1.2195121951219512,supercritical
52,5,41.0,50,60.0,1.0789473684210529,1.2195121951219512,1.2,supercritical
52,6,50.0,60,46.0,1.2195121951219512,1.2,0.7666666666666667,supercritical
52,7,60.0,46,55.0,1.2,0.7666666666666667,1.1956521739130437,extinguished
52,8,46.0,55,50.0,0.7666666666666667,1.1956521739130437,0.9090909090909092,supercritical
52,9,55.0,50,52.0,1.1956521739130437,0.9090909090909092,1.04,extinguished
52,10,50.0,52,48.0,0.9090909090909092,1.04,0.9230769230769232,equilibrium
52,11,52.0,48,76.0,1.04,0.9230769230769232,1.5833333333333333,extinguished
52,12,48.0,76,22.0,0.9230769230769232,1.5833333333333333,0.2894736842105263,supercritical
52,13,76.0,22,38.0,1.5833333333333333,0.2894736842105263,1.7272727272727273,extinguished
52,14,22.0,38,45.0,0.2894736842105263,1.7272727272727273,1.1842105263157894,supercritical
52,15,38.0,45,53.0,1.7272727272727273,1.1842105263157894,1.1777777777777778,supercritical
52,16,45.0,53,77.0,1.1842105263157894,1.1777777777777778,1.4528301886792452,supercritical
52,17,53.0,77,17.0,1.1777777777777778,1.4528301886792452,0.2207792207792207,supercritical
52,18,77.0,17,40.0,1.4528301886792452,0.2207792207792207,2.3529411764705883,extinguished
52,19,17.0,40,-1.0,0.2207792207792207,2.3529411764705883,-1.0,supercritical
53,0,-1.0,2,8.0,-1.0,-1.0,4.0,initial
53,1,2.0,8,20.0,-1.0,4.0,2.5,supercritical
53,2,8.0,20,35.0,4.0,2.5,1.75,supercritical
53,3,20.0,35,50.0,2.5,1.75,1.4285714285714286,supercritical
53,4,35.0,50,52.0,1.75,1.4285714285714286,1.04,supercritical
53,5,50.0,52,47.0,1.4285714285714286,1.04,0.903846153846154,equilibrium
53,6,52.0,47,73.0,1.04,0.903846153846154,1.553191489361702,extinguished
53,7,47.0,73,26.0,0.903846153846154,1.553191489361702,0.3561643835616438,supercritical
53,8,73.0,26,49.0,1.553191489361702,0.3561643835616438,1.8846153846153848,extinguished
53,9,26.0,49,39.0,0.3561643835616438,1.8846153846153848,0.7959183673469388,supercritical
53,10,49.0,39,46.0,1.8846153846153848,0.7959183673469388,1.1794871794871795,extinguished
53,11,39.0,46,59.0,0.7959183673469388,1.1794871794871795,1.2826086956521738,supercritical
53,12,46.0,59,51.0,1.1794871794871795,1.2826086956521738,0.864406779661017,supercritical
53,13,59.0,51,50.0,1.2826086956521738,0.864406779661017,0.9803921568627452,extinguished
53,14,51.0,50,43.0,0.864406779661017,0.9803921568627452,0.86,equilibrium
53,15,50.0,43,66.0,0.9803921568627452,0.86,1.5348837209302326,extinguished
53,16,43.0,66,35.0,0.86,1.5348837209302326,0.5303030303030303,supercritical
53,17,66.0,35,40.0,1.5348837209302326,0.5303030303030303,1.1428571428571428,extinguished
53,18,35.0,40,45.0,0.5303030303030303,1.1428571428571428,1.125,supercritical
53,19,40.0,45,-1.0,1.1428571428571428,1.125,-1.0,supercritical
54,0,-1.0,2,4.0,-1.0,-1.0,2.0,initial
54,1,2.0,4,7.0,-1.0,2.0,1.75,supercritical
54,2,4.0,7,16.0,2.0,1.75,2.2857142857142856,supercritical
54,3,7.0,16,19.0,1.75,2.2857142857142856,1.1875,supercritical
54,4,16.0,19,36.0,2.2857142857142856,1.1875,1.894736842105263,supercritical
54,5,19.0,36,53.0,1.1875,1.894736842105263,1.4722222222222223,supercritical
54,6,36.0,53,59.0,1.894736842105263,1.4722222222222223,1.1132075471698113,supercritical
54,7,53.0,59,29.0,1.4722222222222223,1.1132075471698113,0.4915254237288136,supercritical
54,8,59.0,29,37.0,1.1132075471698113,0.4915254237288136,1.2758620689655171,extinguished
54,9,29.0,37,58.0,0.4915254237288136,1.2758620689655171,1.5675675675675675,supercritical
54,10,37.0,58,32.0,1.2758620689655171,1.5675675675675675,0.5517241379310345,supercritical
54,11,58.0,32,51.0,1.5675675675675675,0.5517241379310345,1.59375,extinguished
54,12,32.0,51,38.0,0.5517241379310345,1.59375,0.7450980392156863,supercritical
54,13,51.0,38,47.0,1.59375,0.7450980392156863,1.236842105263158,extinguished
54,14,38.0,47,49.0,0.7450980392156863,1.236842105263158,1.0425531914893618,supercritical
54,15,47.0,49,42.0,1.236842105263158,1.0425531914893618,0.8571428571428571,equilibrium
54,16,49.0,42,63.0,1.0425531914893618,0.8571428571428571,1.5,extinguished
54,17,42.0,63,45.0,0.8571428571428571,1.5,0.7142857142857143,supercritical
54,18,63.0,45,55.0,1.5,0.7142857142857143,1.2222222222222223,extinguished
54,19,45.0,55,-1.0,0.7142857142857143,1.2222222222222223,-1.0,supercritical
55,0,-1.0,3,3.0,-1.0,-1.0,1.0,initial
55,1,3.0,3,3.0,-1.0,1.0,1.0,equilibrium
55,2,3.0,3,2.0,1.0,1.0,0.6666666666666666,equilibrium
55,3,3.0,2,3.0,1.0,0.6666666666666666,1.5,extinguished
55,4,2.0,3,6.0,0.6666666666666666,1.5,2.0,supercritical
55,5,3.0,6,14.0,1.5,2.0,2.333333333333333,supercritical
55,6,6.0,14,34.0,2.0,2.333333333333333,2.4285714285714284,supercritical
55,7,14.0,34,40.0,2.333333333333333,2.4285714285714284,1.1764705882352942,supercritical
55,8,34.0,40,34.0,2.4285714285714284,1.1764705882352942,0.85,supercritical
55,9,40.0,34,47.0,1.1764705882352942,0.85,1.3823529411764706,extinguished
55,10,34.0,47,36.0,0.85,1.3823529411764706,0.7659574468085106,supercritical
55,11,47.0,36,27.0,1.3823529411764706,0.7659574468085106,0.75,extinguished
55,12,36.0,27,41.0,0.7659574468085106,0.75,1.5185185185185186,extinguished
55,13,27.0,41,48.0,0.75,1.5185185185185186,1.170731707317073,supercritical
55,14,41.0,48,56.0,1.5185185185185186,1.170731707317073,1.1666666666666667,supercritical
55,15,48.0,56,58.0,1.170731707317073,1.1666666666666667,1.0357142857142858,supercritical
55,16,56.0,58,54.0,1.1666666666666667,1.0357142857142858,0.9310344827586208,equilibrium
55,17,58.0,54,36.0,1.0357142857142858,0.9310344827586208,0.6666666666666666,extinguished
55,18,54.0,36,34.0,0.9310344827586208,0.6666666666666666,0.9444444444444444,extinguished
55,19,36.0,34,-1.0,0.6666666666666666,0.9444444444444444,-1.0,extinguished
56,0,-1.0,4,5.0,-1.0,-1.0,1.25,initial
56,1,4.0,5,8.0,-1.0,1.25,1.6,supercritical
56,2,5.0,8,20.0,1.25,1.6,2.5,supercritical
56,3,8.0,20,29.0,1.6,2.5,1.45,supercritical
56,4,20.0,29,42.0,2.5,1.45,1.4482758620689655,supercritical
56,5,29.0,42,43.0,1.45,1.4482758620689655,1.0238095238095235,supercritical
56,6,42.0,43,44.0,1.4482758620689655,1.0238095238095235,1.0232558139534884,equilibrium
56,7,43.0,44,36.0,1.0238095238095235,1.0232558139534884,0.8181818181818182,equilibrium
56,8,44.0,36,49.0,1.0232558139534884,0.8181818181818182,1.3611111111111112,extinguished
56,9,36.0,49,48.0,0.8181818181818182,1.3611111111111112,0.979591836734694,supercritical
56,10,49.0,48,51.0,1.3611111111111112,0.979591836734694,1.0625,equilibrium
56,11,48.0,51,37.0,0.979591836734694,1.0625,0.7254901960784313,supercritical
56,12,51.0,37,36.0,1.0625,0.7254901960784313,0.972972972972973,extinguished
56,13,37.0,36,31.0,0.7254901960784313,0.972972972972973,0.8611111111111112,equilibrium
56,14,36.0,31,45.0,0.972972972972973,0.8611111111111112,1.4516129032258065,extinguished
56,15,31.0,45,42.0,0.8611111111111112,1.4516129032258065,0.9333333333333332,supercritical
56,16,45.0,42,31.0,1.4516129032258065,0.9333333333333332,0.7380952380952381,extinguished
56,17,42.0,31,37.0,0.9333333333333332,0.7380952380952381,1.1935483870967742,extinguished
56,18,31.0,37,61.0,0.7380952380952381,1.1935483870967742,1.648648648648649,supercritical
56,19,37.0,61,-1.0,1.1935483870967742,1.648648648648649,-1.0,supercritical
57,0,-1.0,2,9.0,-1.0,-1.0,4.5,initial
57,1,2.0,9,19.0,-1.0,4.5,2.111111111111111,supercritical
57,2,9.0,19,39.0,4.5,2.111111111111111,2.0526315789473686,supercritical
57,3,19.0,39,64.0,2.111111111111111,2.0526315789473686,1.641025641025641,supercritical
57,4,39.0,64,54.0,2.0526315789473686,1.641025641025641,0.84375,supercritical
57,5,64.0,54,42.0,1.641025641025641,0.84375,0.7777777777777778,extinguished
57,6,54.0,42,73.0,0.84375,0.7777777777777778,1.738095238095238,extinguished
57,7,42.0,73,42.0,0.7777777777777778,1.738095238095238,0.5753424657534246,supercritical
57,8,73.0,42,69.0,1.738095238095238,0.5753424657534246,1.6428571428571428,extinguished
57,9,42.0,69,70.0,0.5753424657534246,1.6428571428571428,1.0144927536231885,supercritical
57,10,69.0,70,62.0,1.6428571428571428,1.0144927536231885,0.8857142857142857,equilibrium
57,11,70.0,62,52.0,1.0144927536231885,0.8857142857142857,0.8387096774193549,extinguished
57,12,62.0,52,57.0,0.8857142857142857,0.8387096774193549,1.0961538461538465,extinguished
57,13,52.0,57,57.0,0.8387096774193549,1.0961538461538465,1.0,supercritical
57,14,57.0,57,69.0,1.0961538461538465,1.0,1.2105263157894737,equilibrium
57,15,57.0,69,35.0,1.0,1.2105263157894737,0.5072463768115942,supercritical
57,16,69.0,35,43.0,1.2105263157894737,0.5072463768115942,1.2285714285714286,extinguished
57,17,35.0,43,50.0,0.5072463768115942,1.2285714285714286,1.162790697674419,supercritical
57,18,43.0,50,46.0,1.2285714285714286,1.162790697674419,0.92,supercritical
57,19,50.0,46,-1.0,1.162790697674419,0.92,-1.0,extinguished
58,0,-1.0,2,4.0,-1.0,-1.0,2.0,initial
58,1,2.0,4,7.0,-1.0,2.0,1.75,supercritical
58,2,4.0,7,18.0,2.0,1.75,2.571428571428572,supercritical
58,3,7.0,18,41.0,1.75,2.571428571428572,2.2777777777777777,supercritical
58,4,18.0,41,49.0,2.571428571428572,2.2777777777777777,1.195121951219512,supercritical
58,5,41.0,49,43.0,2.2777777777777777,1.195121951219512,0.8775510204081632,supercritical
58,6,49.0,43,63.0,1.195121951219512,0.8775510204081632,1.4651162790697674,extinguished
58,7,43.0,63,40.0,0.8775510204081632,1.4651162790697674,0.6349206349206349,supercritical
58,8,63.0,40,63.0,1.4651162790697674,0.6349206349206349,1.575,extinguished
58,9,40.0,63,28.0,0.6349206349206349,1.575,0.4444444444444444,supercritical
58,10,63.0,28,44.0,1.575,0.4444444444444444,1.5714285714285714,extinguished
58,11,28.0,44,46.0,0.4444444444444444,1.5714285714285714,1.0454545454545454,supercritical
58,12,44.0,46,37.0,1.5714285714285714,1.0454545454545454,0.8043478260869565,equilibrium
58,13,46.0,37,46.0,1.0454545454545454,0.8043478260869565,1.2432432432432432,extinguished
58,14,37.0,46,56.0,0.8043478260869565,1.2432432432432432,1.2173913043478262,supercritical
58,15,46.0,56,55.0,1.2432432432432432,1.2173913043478262,0.9821428571428572,supercritical
58,16,56.0,55,58.0,1.2173913043478262,0.9821428571428572,1.0545454545454545,equilibrium
58,17,55.0,58,54.0,0.9821428571428572,1.0545454545454545,0.9310344827586208,supercritical
58,18,58.0,54,58.0,1.0545454545454545,0.9310344827586208,1.0740740740740742,extinguished
58,19,54.0,58,-1.0,0.9310344827586208,1.0740740740740742,-1.0,supercritical
59,0,-1.0,4,5.0,-1.0,-1.0,1.25,initial
59,1,4.0,5,13.0,-1.0,1.25,2.6,supercritical
59,2,5.0,13,27.0,1.25,2.6,2.076923076923077,supercritical
59,3,13.0,27,44.0,2.6,2.076923076923077,1.6296296296296295,supercritical
59,4,27.0,44,36.0,2.076923076923077,1.6296296296296295,0.8181818181818182,supercritical
59,5,44.0,36,35.0,1.6296296296296295,0.8181818181818182,0.9722222222222222,extinguished
59,6,36.0,35,47.0,0.8181818181818182,0.9722222222222222,1.3428571428571427,equilibrium
59,7,35.0,47,48.0,0.9722222222222222,1.3428571428571427,1.0212765957446808,supercritical
59,8,47.0,48,56.0,1.3428571428571427,1.0212765957446808,1.1666666666666667,equilibrium
59,9,48.0,56,61.0,1.0212765957446808,1.1666666666666667,1.0892857142857142,supercritical
59,10,56.0,61,37.0,1.1666666666666667,1.0892857142857142,0.6065573770491803,supercritical
59,11,61.0,37,49.0,1.0892857142857142,0.6065573770491803,1.3243243243243243,extinguished
59,12,37.0,49,49.0,0.6065573770491803,1.3243243243243243,1.0,supercritical
59,13,49.0,49,59.0,1.3243243243243243,1.0,1.2040816326530612,equilibrium
59,14,49.0,59,64.0,1.0,1.2040816326530612,1.0847457627118644,supercritical
59,15,59.0,64,50.0,1.2040816326530612,1.0847457627118644,0.78125,supercritical
59,16,64.0,50,66.0,1.0847457627118644,0.78125,1.32,extinguished
59,17,50.0,66,49.0,0.78125,1.32,0.7424242424242424,supercritical
59,18,66.0,49,42.0,1.32,0.7424242424242424,0.8571428571428571,extinguished
59,19,49.0,42,-1.0,0.7424242424242424,0.8571428571428571,-1.0,extinguished
60,0,-1.0,1,4.0,-1.0,-1.0,4.0,initial
60,1,1.0,4,4.0,-1.0,4.0,1.0,supercritical
60,2,4.0,4,7.0,4.0,1.0,1.75,equilibrium
60,3,4.0,7,12.0,1.0,1.75,1.7142857142857142,supercritical
60,4,7.0,12,18.0,1.75,1.7142857142857142,1.5,supercritical
60,5,12.0,18,29.0,1.7142857142857142,1.5,1.6111111111111112,supercritical
60,6,18.0,29,36.0,1.5,1.6111111111111112,1.2413793103448276,supercritical
60,7,29.0,36,36.0,1.6111111111111112,1.2413793103448276,1.0,supercritical
60,8,36.0,36,45.0,1.2413793103448276,1.0,1.25,equilibrium
60,9,36.0,45,50.0,1.0,1.25,1.1111111111111112,supercritical
60,10,45.0,50,62.0,1.25,1.1111111111111112,1.24,supercritical
60,11,50.0,62,60.0,1.1111111111111112,1.24,0.967741935483871,supercritical
60,12,62.0,60,58.0,1.24,0.967741935483871,0.9666666666666668,equilibrium
60,13,60.0,58,47.0,0.967741935483871,0.9666666666666668,0.8103448275862069,equilibrium
60,14,58.0,47,37.0,0.9666666666666668,0.8103448275862069,0.7872340425531915,extinguished
60,15,47.0,37,40.0,0.8103448275862069,0.7872340425531915,1.0810810810810811,extinguished
60,16,37.0,40,73.0,0.7872340425531915,1.0810810810810811,1.825,supercritical
60,17,40.0,73,36.0,1.0810810810810811,1.825,0.4931506849315068,supercritical
60,18,73.0,36,41.0,1.825,0.4931506849315068,1.1388888888888888,extinguished
60,19,36.0,41,-1.0,0.4931506849315068,1.1388888888888888,-1.0,supercritical
61,0,-1.0,5,9.0,-1.0,-1.0,1.8,initial
61,1,5.0,9,14.0,-1.0,1.8,1.5555555555555556,supercritical
61,2,9.0,14,17.0,1.8,1.5555555555555556,1.2142857142857142,supercritical
61,3,14.0,17,20.0,1.5555555555555556,1.2142857142857142,1.1764705882352942,supercritical
61,4,17.0,20,33.0,1.2142857142857142,1.1764705882352942,1.65,supercritical
61,5,20.0,33,38.0,1.1764705882352942,1.65,1.1515151515151516,supercritical
61,6,33.0,38,50.0,1.65,1.1515151515151516,1.3157894736842106,supercritical
61,7,38.0,50,51.0,1.1515151515151516,1.3157894736842106,1.02,supercritical
61,8,50.0,51,68.0,1.3157894736842106,1.02,1.3333333333333333,equilibrium
61,9,51.0,68,60.0,1.02,1.3333333333333333,0.8823529411764706,supercritical
61,10,68.0,60,59.0,1.3333333333333333,0.8823529411764706,0.9833333333333332,extinguished
61,11,60.0,59,50.0,0.8823529411764706,0.9833333333333332,0.847457627118644,equilibrium
61,12,59.0,50,43.0,0.9833333333333332,0.847457627118644,0.86,extinguished
61,13,50.0,43,56.0,0.847457627118644,0.86,1.302325581395349,extinguished
61,14,43.0,56,34.0,0.86,1.302325581395349,0.6071428571428571,supercritical
61,15,56.0,34,47.0,1.302325581395349,0.6071428571428571,1.3823529411764706,extinguished
61,16,34.0,47,44.0,0.6071428571428571,1.3823529411764706,0.9361702127659576,supercritical
61,17,47.0,44,44.0,1.3823529411764706,0.9361702127659576,1.0,extinguished
61,18,44.0,44,37.0,0.9361702127659576,1.0,0.8409090909090909,equilibrium
61,19,44.0,37,-1.0,1.0,0.8409090909090909,-1.0,extinguished
62,0,-1.0,5,5.0,-1.0,-1.0,1.0,initial
62,1,5.0,5,10.0,-1.0,1.0,2.0,equilibrium
62,2,5.0,10,14.0,1.0,2.0,1.4,supercritical
62,3,10.0,14,20.0,2.0,1.4,1.4285714285714286,supercritical
62,4,14.0,20,30.0,1.4,1.4285714285714286,1.5,supercritical
62,5,20.0,30,33.0,1.4285714285714286,1.5,1.1,supercritical
62,6,30.0,33,35.0,1.5,1.1,1.0606060606060606,supercritical
62,7,33.0,35,47.0,1.1,1.0606060606060606,1.3428571428571427,supercritical
62,8,35.0,47,58.0,1.0606060606060606,1.3428571428571427,1.2340425531914894,supercritical
62,9,47.0,58,23.0,1.3428571428571427,1.2340425531914894,0.396551724137931,supercritical
62,10,58.0,23,39.0,1.2340425531914894,0.396551724137931,1.6956521739130437,extinguished
62,11,23.0,39,30.0,0.396551724137931,1.6956521739130437,0.7692307692307693,supercritical
62,12,39.0,30,27.0,1.6956521739130437,0.7692307692307693,0.9,extinguished
62,13,30.0,27,43.0,0.7692307692307693,0.9,1.5925925925925926,extinguished
62,14,27.0,43,55.0,0.9,1.5925925925925926,1.2790697674418603,supercritical
62,15,43.0,55,27.0,1.5925925925925926,1.2790697674418603,0.4909090909090909,supercritical
62,16,55.0,27,44.0,1.2790697674418603,0.4909090909090909,1.6296296296296295,extinguished
62,17,27.0,44,39.0,0.4909090909090909,1.6296296296296295,0.8863636363636364,supercritical
62,18,44.0,39,56.0,1.6296296296296295,0.8863636363636364,1.435897435897436,extinguished
62,19,39.0,56,-1.0,0.8863636363636364,1.435897435897436,-1.0,supercritical
63,0,-1.0,4,9.0,-1.0,-1.0,2.25,initial
63,1,4.0,9,20.0,-1.0,2.25,2.2222222222222223,supercritical
63,2,9.0,20,31.0,2.25,2.2222222222222223,1.55,supercritical
63,3,20.0,31,41.0,2.2222222222222223,1.55,1.3225806451612905,supercritical
63,4,31.0,41,47.0,1.55,1.3225806451612905,1.146341463414634,supercritical
63,5,41.0,47,48.0,1.3225806451612905,1.146341463414634,1.0212765957446808,supercritical
63,6,47.0,48,54.0,1.146341463414634,1.0212765957446808,1.125,equilibrium
63,7,48.0,54,32.0,1.0212765957446808,1.125,0.5925925925925926,supercritical
63,8,54.0,32,34.0,1.125,0.5925925925925926,1.0625,extinguished
63,9,32.0,34,49.0,0.5925925925925926,1.0625,1.4411764705882353,supercritical
63,10,34.0,49,42.0,1.0625,1.4411764705882353,0.8571428571428571,supercritical
63,11,49.0,42,57.0,1.4411764705882353,0.8571428571428571,1.3571428571428572,extinguished
63,12,42.0,57,49.0,0.8571428571428571,1.3571428571428572,0.8596491228070176,supercritical
63,13,57.0,49,33.0,1.3571428571428572,0.8596491228070176,0.673469387755102,extinguished
63,14,49.0,33,40.0,0.8596491228070176,0.673469387755102,1.2121212121212122,extinguished
63,15,33.0,40,44.0,0.673469387755102,1.2121212121212122,1.1,supercritical
63,16,40.0,44,49.0,1.2121212121212122,1.1,1.1136363636363635,supercritical
63,17,44.0,49,65.0,1.1,1.1136363636363635,1.326530612244898,supercritical
63,18,49.0,65,60.0,1.1136363636363635,1.326530612244898,0.9230769230769232,supercritical
63,19,65.0,60,-1.0,1.326530612244898,0.9230769230769232,-1.0,extinguished
64,0,-1.0,5,10.0,-1.0,-1.0,2.0,initial
64,1,5.0,10,24.0,-1.0,2.0,2.4,supercritical
64,2,10.0,24,27.0,2.0,2.4,1.125,supercritical
64,3,24.0,27,35.0,2.4,1.125,1.2962962962962965,supercritical
64,4,27.0,35,49.0,1.125,1.2962962962962965,1.4,supercritical
64,5,35.0,49,40.0,1.2962962962962965,1.4,0.8163265306122449,supercritical
64,6,49.0,40,54.0,1.4,0.8163265306122449,1.35,extinguished
64,7,40.0,54,51.0,0.8163265306122449,1.35,0.9444444444444444,supercritical
64,8,54.0,51,55.0,1.35,0.9444444444444444,1.0784313725490196,extinguished
64,9,51.0,55,47.0,0.9444444444444444,1.0784313725490196,0.8545454545454545,supercritical
64,10,55.0,47,65.0,1.0784313725490196,0.8545454545454545,1.3829787234042554,extinguished
64,11,47.0,65,47.0,0.8545454545454545,1.3829787234042554,0.7230769230769231,supercritical
64,12,65.0,47,37.0,1.3829787234042554,0.7230769230769231,0.7872340425531915,extinguished
64,13,47.0,37,53.0,0.7230769230769231,0.7872340425531915,1.4324324324324325,extinguished
64,14,37.0,53,59.0,0.7872340425531915,1.4324324324324325,1.1132075471698113,supercritical
64,15,53.0,59,41.0,1.4324324324324325,1.1132075471698113,0.6949152542372882,supercritical
64,16,59.0,41,36.0,1.1132075471698113,0.6949152542372882,0.8780487804878049,extinguished
64,17,41.0,36,48.0,0.6949152542372882,0.8780487804878049,1.3333333333333333,extinguished
64,18,36.0,48,57.0,0.8780487804878049,1.3333333333333333,1.1875,supercritical
64,19,48.0,57,-1.0,1.3333333333333333,1.1875,-1.0,supercritical
65,0,-1.0,2,7.0,-1.0,-1.0,3.5,initial
65,1,2.0,7,13.0,-1.0,3.5,1.8571428571428568,supercritical
65,2,7.0,13,32.0,3.5,1.8571428571428568,2.4615384615384617,supercritical
65,3,13.0,32,58.0,1.8571428571428568,2.4615384615384617,1.8125,supercritical
65,4,32.0,58,69.0,2.4615384615384617,1.8125,1.1896551724137931,supercritical
65,5,58.0,69,57.0,1.8125,1.1896551724137931,0.8260869565217391,supercritical
65,6,69.0,57,62.0,1.1896551724137931,0.8260869565217391,1.087719298245614,extinguished
65,7,57.0,62,34.0,0.8260869565217391,1.087719298245614,0.5483870967741935,supercritical
65,8,62.0,34,55.0,1.087719298245614,0.5483870967741935,1.6176470588235294,extinguished
65,9,34.0,55,40.0,0.5483870967741935,1.6176470588235294,0.7272727272727273,supercritical
65,10,55.0,40,53.0,1.6176470588235294,0.7272727272727273,1.325,extinguished
65,11,40.0,53,37.0,0.7272727272727273,1.325,0.6981132075471698,supercritical
65,12,53.0,37,53.0,1.325,0.6981132075471698,1.4324324324324325,extinguished
65,13,37.0,53,50.0,0.6981132075471698,1.4324324324324325,0.9433962264150944,supercritical
65,14,53.0,50,62.0,1.4324324324324325,0.9433962264150944,1.24,extinguished
65,15,50.0,62,40.0,0.9433962264150944,1.24,0.6451612903225806,supercritical
65,16,62.0,40,46.0,1.24,0.6451612903225806,1.15,extinguished
65,17,40.0,46,51.0,0.6451612903225806,1.15,1.108695652173913,supercritical
65,18,46.0,51,59.0,1.15,1.108695652173913,1.156862745098039,supercritical
65,19,51.0,59,-1.0,1.108695652173913,1.156862745098039,-1.0,supercritical
66,0,-1.0,1,0.0,-1.0,-1.0,0.0,initial
66,1,1.0,0,0.0,-1.0,0.0,0.0,extinguished
66,2,0.0,0,0.0,0.0,0.0,0.0,extinguished
66,3,0.0,0,0.0,0.0,0.0,0.0,extinguished
66,4,0.0,0,0.0,0.0,0.0,0.0,extinguished
66,5,0.0,0,0.0,0.0,0.0,0.0,extinguished
66,6,0.0,0,0.0,0.0,0.0,0.0,extinguished
66,7,0.0,0,0.0,0.0,0.0,0.0,extinguished
66,8,0.0,0,0.0,0.0,0.0,0.0,extinguished
66,9,0.0,0,0.0,0.0,0.0,0.0,extinguished
66,10,0.0,0,0.0,0.0,0.0,0.0,extinguished
66,11,0.0,0,0.0,0.0,0.0,0.0,extinguished
66,12,0.0,0,0.0,0.0,0.0,0.0,extinguished
66,13,0.0,0,0.0,0.0,0.0,0.0,extinguished
66,14,0.0,0,0.0,0.0,0.0,0.0,extinguished
66,15,0.0,0,0.0,0.0,0.0,0.0,extinguished
66,16,0.0,0,0.0,0.0,0.0,0.0,extinguished
66,17,0.0,0,0.0,0.0,0.0,0.0,extinguished
66,18,0.0,0,0.0,0.0,0.0,0.0,extinguished
66,19,0.0,0,-1.0,0.0,0.0,-1.0,extinguished
67,0,-1.0,4,5.0,-1.0,-1.0,1.25,initial
67,1,4.0,5,10.0,-1.0,1.25,2.0,supercritical
67,2,5.0,10,22.0,1.25,2.0,2.2,supercritical
67,3,10.0,22,28.0,2.0,2.2,1.2727272727272727,supercritical
67,4,22.0,28,61.0,2.2,1.2727272727272727,2.1785714285714284,supercritical
67,5,28.0,61,78.0,1.2727272727272727,2.1785714285714284,1.278688524590164,supercritical
67,6,61.0,78,54.0,2.1785714285714284,1.278688524590164,0.6923076923076923,supercritical
67,7,78.0,54,54.0,1.278688524590164,0.6923076923076923,1.0,extinguished
67,8,54.0,54,49.0,0.6923076923076923,1.0,0.9074074074074074,equilibrium
67,9,54.0,49,49.0,1.0,0.9074074074074074,1.0,extinguished
67,10,49.0,49,61.0,0.9074074074074074,1.0,1.2448979591836735,equilibrium
67,11,49.0,61,85.0,1.0,1.2448979591836735,1.3934426229508197,supercritical
67,12,61.0,85,41.0,1.2448979591836735,1.3934426229508197,0.4823529411764706,supercritical
67,13,85.0,41,58.0,1.3934426229508197,0.4823529411764706,1.4146341463414631,extinguished
67,14,41.0,58,66.0,0.4823529411764706,1.4146341463414631,1.137931034482759,supercritical
67,15,58.0,66,71.0,1.4146341463414631,1.137931034482759,1.0757575757575757,supercritical
67,16,66.0,71,30.0,1.137931034482759,1.0757575757575757,0.4225352112676056,supercritical
67,17,71.0,30,38.0,1.0757575757575757,0.4225352112676056,1.2666666666666666,extinguished
67,18,30.0,38,54.0,0.4225352112676056,1.2666666666666666,1.4210526315789471,supercritical
67,19,38.0,54,-1.0,1.2666666666666666,1.4210526315789471,-1.0,supercritical
68,0,-1.0,1,3.0,-1.0,-1.0,3.0,initial
68,1,1.0,3,9.0,-1.0,3.0,3.0,supercritical
68,2,3.0,9,9.0,3.0,3.0,1.0,supercritical
68,3,9.0,9,16.0,3.0,1.0,1.7777777777777777,equilibrium
68,4,9.0,16,18.0,1.0,1.7777777777777777,1.125,supercritical
68,5,16.0,18,29.0,1.7777777777777777,1.125,1.6111111111111112,supercritical
68,6,18.0,29,40.0,1.125,1.6111111111111112,1.3793103448275863,supercritical
68,7,29.0,40,43.0,1.6111111111111112,1.3793103448275863,1.075,supercritical
68,8,40.0,43,36.0,1.3793103448275863,1.075,0.8372093023255814,supercritical
68,9,43.0,36,54.0,1.075,0.8372093023255814,1.5,extinguished
68,10,36.0,54,54.0,0.8372093023255814,1.5,1.0,supercritical
68,11,54.0,54,57.0,1.5,1.0,1.0555555555555556,equilibrium
68,12,54.0,57,60.0,1.0,1.0555555555555556,1.0526315789473684,supercritical
68,13,57.0,60,33.0,1.0555555555555556,1.0526315789473684,0.55,supercritical
68,14,60.0,33,29.0,1.0526315789473684,0.55,0.8787878787878788,extinguished
68,15,33.0,29,25.0,0.55,0.8787878787878788,0.8620689655172413,extinguished
68,16,29.0,25,47.0,0.8787878787878788,0.8620689655172413,1.88,extinguished
68,17,25.0,47,55.0,0.8620689655172413,1.88,1.1702127659574468,supercritical
68,18,47.0,55,51.0,1.88,1.1702127659574468,0.9272727272727272,supercritical
68,19,55.0,51,-1.0,1.1702127659574468,0.9272727272727272,-1.0,extinguished
69,0,-1.0,4,4.0,-1.0,-1.0,1.0,initial
69,1,4.0,4,12.0,-1.0,1.0,3.0,equilibrium
69,2,4.0,12,25.0,1.0,3.0,2.083333333333333,supercritical
69,3,12.0,25,40.0,3.0,2.083333333333333,1.6,supercritical
69,4,25.0,40,48.0,2.083333333333333,1.6,1.2,supercritical
69,5,40.0,48,62.0,1.6,1.2,1.2916666666666667,supercritical
69,6,48.0,62,55.0,1.2,1.2916666666666667,0.8870967741935484,supercritical
69,7,62.0,55,39.0,1.2916666666666667,0.8870967741935484,0.7090909090909091,extinguished
69,8,55.0,39,46.0,0.8870967741935484,0.7090909090909091,1.1794871794871795,extinguished
69,9,39.0,46,66.0,0.7090909090909091,1.1794871794871795,1.434782608695652,supercritical
69,10,46.0,66,36.0,1.1794871794871795,1.434782608695652,0.5454545454545454,supercritical
69,11,66.0,36,53.0,1.434782608695652,0.5454545454545454,1.4722222222222223,extinguished
69,12,36.0,53,63.0,0.5454545454545454,1.4722222222222223,1.1886792452830188,supercritical
69,13,53.0,63,49.0,1.4722222222222223,1.1886792452830188,0.7777777777777778,supercritical
69,14,63.0,49,45.0,1.1886792452830188,0.7777777777777778,0.9183673469387756,extinguished
69,15,49.0,45,35.0,0.7777777777777778,0.9183673469387756,0.7777777777777778,extinguished
69,16,45.0,35,42.0,0.9183673469387756,0.7777777777777778,1.2,extinguished
69,17,35.0,42,54.0,0.7777777777777778,1.2,1.2857142857142858,supercritical
69,18,42.0,54,52.0,1.2,1.2857142857142858,0.9629629629629628,supercritical
69,19,54.0,52,-1.0,1.2857142857142858,0.9629629629629628,-1.0,equilibrium
70,0,-1.0,3,7.0,-1.0,-1.0,2.333333333333333,initial
70,1,3.0,7,11.0,-1.0,2.333333333333333,1.5714285714285714,supercritical
70,2,7.0,11,17.0,2.333333333333333,1.5714285714285714,1.5454545454545454,supercritical
70,3,11.0,17,30.0,1.5714285714285714,1.5454545454545454,1.7647058823529411,supercritical
70,4,17.0,30,43.0,1.5454545454545454,1.7647058823529411,1.4333333333333331,supercritical
70,5,30.0,43,51.0,1.7647058823529411,1.4333333333333331,1.186046511627907,supercritical
70,6,43.0,51,50.0,1.4333333333333331,1.186046511627907,0.9803921568627452,supercritical
70,7,51.0,50,51.0,1.186046511627907,0.9803921568627452,1.02,equilibrium
70,8,50.0,51,44.0,0.9803921568627452,1.02,0.8627450980392157,equilibrium
70,9,51.0,44,57.0,1.02,0.8627450980392157,1.2954545454545454,extinguished
70,10,44.0,57,40.0,0.8627450980392157,1.2954545454545454,0.7017543859649122,supercritical
70,11,57.0,40,42.0,1.2954545454545454,0.7017543859649122,1.05,extinguished
70,12,40.0,42,61.0,0.7017543859649122,1.05,1.4523809523809523,equilibrium
70,13,42.0,61,37.0,1.05,1.4523809523809523,0.6065573770491803,supercritical
70,14,61.0,37,50.0,1.4523809523809523,0.6065573770491803,1.351351351351351,extinguished
70,15,37.0,50,34.0,0.6065573770491803,1.351351351351351,0.68,supercritical
70,16,50.0,34,44.0,1.351351351351351,0.68,1.2941176470588236,extinguished
70,17,34.0,44,55.0,0.68,1.2941176470588236,1.25,supercritical
70,18,44.0,55,56.0,1.2941176470588236,1.25,1.018181818181818,supercritical
70,19,55.0,56,-1.0,1.25,1.018181818181818,-1.0,equilibrium
71,0,-1.0,1,2.0,-1.0,-1.0,2.0,initial
71,1,1.0,2,7.0,-1.0,2.0,3.5,supercritical
71,2,2.0,7,17.0,2.0,3.5,2.4285714285714284,supercritical
71,3,7.0,17,38.0,3.5,2.4285714285714284,2.235294117647059,supercritical
71,4,17.0,38,56.0,2.4285714285714284,2.235294117647059,1.4736842105263157,supercritical
71,5,38.0,56,59.0,2.235294117647059,1.4736842105263157,1.0535714285714286,supercritical
71,6,56.0,59,58.0,1.4736842105263157,1.0535714285714286,0.9830508474576272,supercritical
71,7,59.0,58,48.0,1.0535714285714286,0.9830508474576272,0.8275862068965517,equilibrium
71,8,58.0,48,59.0,0.9830508474576272,0.8275862068965517,1.2291666666666667,extinguished
71,9,48.0,59,64.0,0.8275862068965517,1.2291666666666667,1.0847457627118644,supercritical
71,10,59.0,64,73.0,1.2291666666666667,1.0847457627118644,1.140625,supercritical
71,11,64.0,73,37.0,1.0847457627118644,1.140625,0.5068493150684932,supercritical
71,12,73.0,37,48.0,1.140625,0.5068493150684932,1.2972972972972974,extinguished
71,13,37.0,48,40.0,0.5068493150684932,1.2972972972972974,0.8333333333333334,supercritical
71,14,48.0,40,45.0,1.2972972972972974,0.8333333333333334,1.125,extinguished
71,15,40.0,45,46.0,0.8333333333333334,1.125,1.022222222222222,supercritical
71,16,45.0,46,42.0,1.125,1.022222222222222,0.9130434782608696,equilibrium
71,17,46.0,42,61.0,1.022222222222222,0.9130434782608696,1.4523809523809523,extinguished
71,18,42.0,61,69.0,0.9130434782608696,1.4523809523809523,1.1311475409836065,supercritical
71,19,61.0,69,-1.0,1.4523809523809523,1.1311475409836065,-1.0,supercritical
72,0,-1.0,2,4.0,-1.0,-1.0,2.0,initial
72,1,2.0,4,10.0,-1.0,2.0,2.5,supercritical
72,2,4.0,10,16.0,2.0,2.5,1.6,supercritical
72,3,10.0,16,26.0,2.5,1.6,1.625,supercritical
72,4,16.0,26,29.0,1.6,1.625,1.1153846153846154,supercritical
72,5,26.0,29,29.0,1.625,1.1153846153846154,1.0,supercritical
72,6,29.0,29,44.0,1.1153846153846154,1.0,1.5172413793103448,equilibrium
72,7,29.0,44,43.0,1.0,1.5172413793103448,0.9772727272727272,supercritical
72,8,44.0,43,36.0,1.5172413793103448,0.9772727272727272,0.8372093023255814,equilibrium
72,9,43.0,36,36.0,0.9772727272727272,0.8372093023255814,1.0,extinguished
72,10,36.0,36,29.0,0.8372093023255814,1.0,0.8055555555555556,equilibrium
72,11,36.0,29,38.0,1.0,0.8055555555555556,1.3103448275862069,extinguished
72,12,29.0,38,32.0,0.8055555555555556,1.3103448275862069,0.8421052631578947,supercritical
72,13,38.0,32,33.0,1.3103448275862069,0.8421052631578947,1.03125,extinguished
72,14,32.0,33,47.0,0.8421052631578947,1.03125,1.4242424242424243,equilibrium
72,15,33.0,47,41.0,1.03125,1.4242424242424243,0.8723404255319149,supercritical
72,16,47.0,41,38.0,1.4242424242424243,0.8723404255319149,0.926829268292683,extinguished
72,17,41.0,38,40.0,0.8723404255319149,0.926829268292683,1.0526315789473684,extinguished
72,18,38.0,40,37.0,0.926829268292683,1.0526315789473684,0.925,supercritical
72,19,40.0,37,-1.0,1.0526315789473684,0.925,-1.0,extinguished
73,0,-1.0,4,9.0,-1.0,-1.0,2.25,initial
73,1,4.0,9,19.0,-1.0,2.25,2.111111111111111,supercritical
73,2,9.0,19,34.0,2.25,2.111111111111111,1.7894736842105263,supercritical
73,3,19.0,34,41.0,2.111111111111111,1.7894736842105263,1.2058823529411764,supercritical
73,4,34.0,41,45.0,1.7894736842105263,1.2058823529411764,1.0975609756097562,supercritical
73,5,41.0,45,45.0,1.2058823529411764,1.0975609756097562,1.0,supercritical
73,6,45.0,45,47.0,1.0975609756097562,1.0,1.0444444444444445,equilibrium
73,7,45.0,47,66.0,1.0,1.0444444444444445,1.4042553191489362,equilibrium
73,8,47.0,66,32.0,1.0444444444444445,1.4042553191489362,0.4848484848484848,supercritical
73,9,66.0,32,58.0,1.4042553191489362,0.4848484848484848,1.8125,extinguished
73,10,32.0,58,49.0,0.4848484848484848,1.8125,0.8448275862068966,supercritical
73,11,58.0,49,68.0,1.8125,0.8448275862068966,1.3877551020408163,extinguished
73,12,49.0,68,65.0,0.8448275862068966,1.3877551020408163,0.9558823529411764,supercritical
73,13,68.0,65,55.0,1.3877551020408163,0.9558823529411764,0.8461538461538461,equilibrium
73,14,65.0,55,35.0,0.9558823529411764,0.8461538461538461,0.6363636363636364,extinguished
73,15,55.0,35,54.0,0.8461538461538461,0.6363636363636364,1.542857142857143,extinguished
73,16,35.0,54,62.0,0.6363636363636364,1.542857142857143,1.148148148148148,supercritical
73,17,54.0,62,43.0,1.542857142857143,1.148148148148148,0.6935483870967742,supercritical
73,18,62.0,43,64.0,1.148148148148148,0.6935483870967742,1.4883720930232558,extinguished
73,19,43.0,64,-1.0,0.6935483870967742,1.4883720930232558,-1.0,supercritical
74,0,-1.0,4,12.0,-1.0,-1.0,3.0,initial
74,1,4.0,12,21.0,-1.0,3.0,1.75,supercritical
74,2,12.0,21,24.0,3.0,1.75,1.1428571428571428,supercritical
74,3,21.0,24,33.0,1.75,1.1428571428571428,1.375,supercritical
74,4,24.0,33,64.0,1.1428571428571428,1.375,1.93939393939394,supercritical
74,5,33.0,64,59.0,1.375,1.93939393939394,0.921875,supercritical
74,6,64.0,59,56.0,1.93939393939394,0.921875,0.9491525423728814,extinguished
74,7,59.0,56,42.0,0.921875,0.9491525423728814,0.75,extinguished
74,8,56.0,42,43.0,0.9491525423728814,0.75,1.0238095238095235,extinguished
74,9,42.0,43,46.0,0.75,1.0238095238095235,1.069767441860465,equilibrium
74,10,43.0,46,55.0,1.0238095238095235,1.069767441860465,1.1956521739130437,supercritical
74,11,46.0,55,71.0,1.069767441860465,1.1956521739130437,1.290909090909091,supercritical
74,12,55.0,71,47.0,1.1956521739130437,1.290909090909091,0.6619718309859155,supercritical
74,13,71.0,47,36.0,1.290909090909091,0.6619718309859155,0.7659574468085106,extinguished
74,14,47.0,36,33.0,0.6619718309859155,0.7659574468085106,0.9166666666666666,extinguished
74,15,36.0,33,41.0,0.7659574468085106,0.9166666666666666,1.2424242424242424,extinguished
74,16,33.0,41,46.0,0.9166666666666666,1.2424242424242424,1.1219512195121952,supercritical
74,17,41.0,46,60.0,1.2424242424242424,1.1219512195121952,1.3043478260869563,supercritical
74,18,46.0,60,38.0,1.1219512195121952,1.3043478260869563,0.6333333333333333,supercritical
74,19,60.0,38,-1.0,1.3043478260869563,0.6333333333333333,-1.0,extinguished
75,0,-1.0,4,11.0,-1.0,-1.0,2.75,initial
75,1,4.0,11,20.0,-1.0,2.75,1.818181818181818,supercritical
75,2,11.0,20,15.0,2.75,1.818181818181818,0.75,supercritical
75,3,20.0,15,23.0,1.818181818181818,0.75,1.5333333333333334,extinguished
75,4,15.0,23,27.0,0.75,1.5333333333333334,1.173913043478261,supercritical
75,5,23.0,27,41.0,1.5333333333333334,1.173913043478261,1.5185185185185186,supercritical
75,6,27.0,41,40.0,1.173913043478261,1.5185185185185186,0.975609756097561,supercritical
75,7,41.0,40,51.0,1.5185185185185186,0.975609756097561,1.275,equilibrium
75,8,40.0,51,49.0,0.975609756097561,1.275,0.9607843137254902,supercritical
75,9,51.0,49,53.0,1.275,0.9607843137254902,1.0816326530612246,equilibrium
75,10,49.0,53,48.0,0.9607843137254902,1.0816326530612246,0.9056603773584906,supercritical
75,11,53.0,48,45.0,1.0816326530612246,0.9056603773584906,0.9375,extinguished
75,12,48.0,45,38.0,0.9056603773584906,0.9375,0.8444444444444444,extinguished
75,13,45.0,38,50.0,0.9375,0.8444444444444444,1.3157894736842106,extinguished
75,14,38.0,50,41.0,0.8444444444444444,1.3157894736842106,0.82,supercritical
75,15,50.0,41,42.0,1.3157894736842106,0.82,1.024390243902439,extinguished
75,16,41.0,42,52.0,0.82,1.024390243902439,1.238095238095238,equilibrium
75,17,42.0,52,49.0,1.024390243902439,1.238095238095238,0.9423076923076924,supercritical
75,18,52.0,49,36.0,1.238095238095238,0.9423076923076924,0.7346938775510204,extinguished
75,19,49.0,36,-1.0,0.9423076923076924,0.7346938775510204,-1.0,extinguished
76,0,-1.0,3,3.0,-1.0,-1.0,1.0,initial
76,1,3.0,3,11.0,-1.0,1.0,3.6666666666666665,equilibrium
76,2,3.0,11,18.0,1.0,3.6666666666666665,1.6363636363636365,supercritical
76,3,11.0,18,20.0,3.6666666666666665,1.6363636363636365,1.1111111111111112,supercritical
76,4,18.0,20,37.0,1.6363636363636365,1.1111111111111112,1.85,supercritical
76,5,20.0,37,36.0,1.1111111111111112,1.85,0.972972972972973,supercritical
76,6,37.0,36,50.0,1.85,0.972972972972973,1.3888888888888888,equilibrium
76,7,36.0,50,27.0,0.972972972972973,1.3888888888888888,0.54,supercritical
76,8,50.0,27,39.0,1.3888888888888888,0.54,1.4444444444444444,extinguished
76,9,27.0,39,60.0,0.54,1.4444444444444444,1.5384615384615383,supercritical
76,10,39.0,60,44.0,1.4444444444444444,1.5384615384615383,0.7333333333333333,supercritical
76,11,60.0,44,44.0,1.5384615384615383,0.7333333333333333,1.0,extinguished
76,12,44.0,44,41.0,0.7333333333333333,1.0,0.9318181818181818,equilibrium
76,13,44.0,41,50.0,1.0,0.9318181818181818,1.2195121951219512,extinguished
76,14,41.0,50,48.0,0.9318181818181818,1.2195121951219512,0.96,supercritical
76,15,50.0,48,34.0,1.2195121951219512,0.96,0.7083333333333334,equilibrium
76,16,48.0,34,52.0,0.96,0.7083333333333334,1.5294117647058822,extinguished
76,17,34.0,52,44.0,0.7083333333333334,1.5294117647058822,0.8461538461538461,supercritical
76,18,52.0,44,57.0,1.5294117647058822,0.8461538461538461,1.2954545454545454,extinguished
76,19,44.0,57,-1.0,0.8461538461538461,1.2954545454545454,-1.0,supercritical
77,0,-1.0,3,6.0,-1.0,-1.0,2.0,initial
77,1,3.0,6,9.0,-1.0,2.0,1.5,supercritical
77,2,6.0,9,12.0,2.0,1.5,1.3333333333333333,supercritical
77,3,9.0,12,25.0,1.5,1.3333333333333333,2.083333333333333,supercritical
77,4,12.0,25,41.0,1.3333333333333333,2.083333333333333,1.64,supercritical
77,5,25.0,41,39.0,2.083333333333333,1.64,0.951219512195122,supercritical
77,6,41.0,39,60.0,1.64,0.951219512195122,1.5384615384615383,equilibrium
77,7,39.0,60,72.0,0.951219512195122,1.5384615384615383,1.2,supercritical
77,8,60.0,72,34.0,1.5384615384615383,1.2,0.4722222222222222,supercritical
77,9,72.0,34,25.0,1.2,0.4722222222222222,0.7352941176470589,extinguished
77,10,34.0,25,30.0,0.4722222222222222,0.7352941176470589,1.2,extinguished
77,11,25.0,30,42.0,0.7352941176470589,1.2,1.4,supercritical
77,12,30.0,42,43.0,1.2,1.4,1.0238095238095235,supercritical
77,13,42.0,43,37.0,1.4,1.0238095238095235,0.8604651162790697,equilibrium
77,14,43.0,37,29.0,1.0238095238095235,0.8604651162790697,0.7837837837837838,extinguished
77,15,37.0,29,47.0,0.8604651162790697,0.7837837837837838,1.6206896551724137,extinguished
77,16,29.0,47,53.0,0.7837837837837838,1.6206896551724137,1.127659574468085,supercritical
77,17,47.0,53,55.0,1.6206896551724137,1.127659574468085,1.0377358490566038,supercritical
77,18,53.0,55,38.0,1.127659574468085,1.0377358490566038,0.6909090909090909,equilibrium
77,19,55.0,38,-1.0,1.0377358490566038,0.6909090909090909,-1.0,extinguished
78,0,-1.0,4,12.0,-1.0,-1.0,3.0,initial
78,1,4.0,12,15.0,-1.0,3.0,1.25,supercritical
78,2,12.0,15,20.0,3.0,1.25,1.3333333333333333,supercritical
78,3,15.0,20,28.0,1.25,1.3333333333333333,1.4,supercritical
78,4,20.0,28,34.0,1.3333333333333333,1.4,1.2142857142857142,supercritical
78,5,28.0,34,41.0,1.4,1.2142857142857142,1.2058823529411764,supercritical
78,6,34.0,41,37.0,1.2142857142857142,1.2058823529411764,0.902439024390244,supercritical
78,7,41.0,37,37.0,1.2058823529411764,0.902439024390244,1.0,extinguished
78,8,37.0,37,46.0,0.902439024390244,1.0,1.2432432432432432,equilibrium
78,9,37.0,46,45.0,1.0,1.2432432432432432,0.9782608695652174,supercritical
78,10,46.0,45,47.0,1.2432432432432432,0.9782608695652174,1.0444444444444445,equilibrium
78,11,45.0,47,26.0,0.9782608695652174,1.0444444444444445,0.5531914893617021,equilibrium
78,12,47.0,26,31.0,1.0444444444444445,0.5531914893617021,1.1923076923076923,extinguished
78,13,26.0,31,20.0,0.5531914893617021,1.1923076923076923,0.6451612903225806,supercritical
78,14,31.0,20,23.0,1.1923076923076923,0.6451612903225806,1.15,extinguished
78,15,20.0,23,23.0,0.6451612903225806,1.15,1.0,supercritical
78,16,23.0,23,26.0,1.15,1.0,1.1304347826086956,equilibrium
78,17,23.0,26,27.0,1.0,1.1304347826086956,1.0384615384615383,supercritical
78,18,26.0,27,35.0,1.1304347826086956,1.0384615384615383,1.2962962962962965,equilibrium
78,19,27.0,35,-1.0,1.0384615384615383,1.2962962962962965,-1.0,supercritical
79,0,-1.0,2,3.0,-1.0,-1.0,1.5,initial
79,1,2.0,3,8.0,-1.0,1.5,2.6666666666666665,supercritical
79,2,3.0,8,14.0,1.5,2.6666666666666665,1.75,supercritical
79,3,8.0,14,23.0,2.6666666666666665,1.75,1.6428571428571428,supercritical
79,4,14.0,23,25.0,1.75,1.6428571428571428,1.0869565217391304,supercritical
79,5,23.0,25,39.0,1.6428571428571428,1.0869565217391304,1.56,supercritical
79,6,25.0,39,51.0,1.0869565217391304,1.56,1.3076923076923077,supercritical
79,7,39.0,51,52.0,1.56,1.3076923076923077,1.0196078431372548,supercritical
79,8,51.0,52,41.0,1.3076923076923077,1.0196078431372548,0.7884615384615384,equilibrium
79,9,52.0,41,43.0,1.0196078431372548,0.7884615384615384,1.048780487804878,extinguished
79,10,41.0,43,60.0,0.7884615384615384,1.048780487804878,1.3953488372093024,equilibrium
79,11,43.0,60,30.0,1.048780487804878,1.3953488372093024,0.5,supercritical
79,12,60.0,30,43.0,1.3953488372093024,0.5,1.4333333333333331,extinguished
79,13,30.0,43,74.0,0.5,1.4333333333333331,1.7209302325581397,supercritical
79,14,43.0,74,31.0,1.4333333333333331,1.7209302325581397,0.4189189189189189,supercritical
79,15,74.0,31,35.0,1.7209302325581397,0.4189189189189189,1.1290322580645162,extinguished
79,16,31.0,35,40.0,0.4189189189189189,1.1290322580645162,1.1428571428571428,supercritical
79,17,35.0,40,57.0,1.1290322580645162,1.1428571428571428,1.425,supercritical
79,18,40.0,57,59.0,1.1428571428571428,1.425,1.0350877192982455,supercritical
79,19,57.0,59,-1.0,1.425,1.0350877192982455,-1.0,equilibrium
80,0,-1.0,5,12.0,-1.0,-1.0,2.4,initial
80,1,5.0,12,15.0,-1.0,2.4,1.25,supercritical
80,2,12.0,15,25.0,2.4,1.25,1.6666666666666667,supercritical
80,3,15.0,25,33.0,1.25,1.6666666666666667,1.32,supercritical
80,4,25.0,33,35.0,1.6666666666666667,1.32,1.0606060606060606,supercritical
80,5,33.0,35,29.0,1.32,1.0606060606060606,0.8285714285714286,supercritical
80,6,35.0,29,38.0,1.0606060606060606,0.8285714285714286,1.3103448275862069,extinguished
80,7,29.0,38,46.0,0.8285714285714286,1.3103448275862069,1.2105263157894737,supercritical
80,8,38.0,46,47.0,1.3103448275862069,1.2105263157894737,1.0217391304347827,supercritical
80,9,46.0,47,49.0,1.2105263157894737,1.0217391304347827,1.0425531914893618,equilibrium
80,10,47.0,49,31.0,1.0217391304347827,1.0425531914893618,0.6326530612244898,equilibrium
80,11,49.0,31,38.0,1.0425531914893618,0.6326530612244898,1.2258064516129032,extinguished
80,12,31.0,38,35.0,0.6326530612244898,1.2258064516129032,0.9210526315789472,supercritical
80,13,38.0,35,42.0,1.2258064516129032,0.9210526315789472,1.2,extinguished
80,14,35.0,42,45.0,0.9210526315789472,1.2,1.0714285714285714,supercritical
80,15,42.0,45,54.0,1.2,1.0714285714285714,1.2,supercritical
80,16,45.0,54,40.0,1.0714285714285714,1.2,0.7407407407407407,supercritical
80,17,54.0,40,30.0,1.2,0.7407407407407407,0.75,extinguished
80,18,40.0,30,37.0,0.7407407407407407,0.75,1.2333333333333334,extinguished
80,19,30.0,37,-1.0,0.75,1.2333333333333334,-1.0,supercritical
81,0,-1.0,2,6.0,-1.0,-1.0,3.0,initial
81,1,2.0,6,15.0,-1.0,3.0,2.5,supercritical
81,2,6.0,15,24.0,3.0,2.5,1.6,supercritical
81,3,15.0,24,34.0,2.5,1.6,1.4166666666666667,supercritical
81,4,24.0,34,46.0,1.6,1.4166666666666667,1.3529411764705883,supercritical
81,5,34.0,46,44.0,1.4166666666666667,1.3529411764705883,0.9565217391304348,supercritical
81,6,46.0,44,61.0,1.3529411764705883,0.9565217391304348,1.3863636363636365,equilibrium
81,7,44.0,61,54.0,0.9565217391304348,1.3863636363636365,0.8852459016393442,supercritical
81,8,61.0,54,50.0,1.3863636363636365,0.8852459016393442,0.925925925925926,extinguished
81,9,54.0,50,41.0,0.8852459016393442,0.925925925925926,0.82,extinguished
81,10,50.0,41,58.0,0.925925925925926,0.82,1.4146341463414631,extinguished
81,11,41.0,58,46.0,0.82,1.4146341463414631,0.7931034482758621,supercritical
81,12,58.0,46,27.0,1.4146341463414631,0.7931034482758621,0.5869565217391305,extinguished
81,13,46.0,27,43.0,0.7931034482758621,0.5869565217391305,1.5925925925925926,extinguished
81,14,27.0,43,65.0,0.5869565217391305,1.5925925925925926,1.5116279069767442,supercritical
81,15,43.0,65,40.0,1.5925925925925926,1.5116279069767442,0.6153846153846154,supercritical
81,16,65.0,40,51.0,1.5116279069767442,0.6153846153846154,1.275,extinguished
81,17,40.0,51,77.0,0.6153846153846154,1.275,1.5098039215686274,supercritical
81,18,51.0,77,35.0,1.275,1.5098039215686274,0.4545454545454545,supercritical
81,19,77.0,35,-1.0,1.5098039215686274,0.4545454545454545,-1.0,extinguished
82,0,-1.0,3,6.0,-1.0,-1.0,2.0,initial
82,1,3.0,6,13.0,-1.0,2.0,2.1666666666666665,supercritical
82,2,6.0,13,27.0,2.0,2.1666666666666665,2.076923076923077,supercritical
82,3,13.0,27,41.0,2.1666666666666665,2.076923076923077,1.5185185185185186,supercritical
82,4,27.0,41,40.0,2.076923076923077,1.5185185185185186,0.975609756097561,supercritical
82,5,41.0,40,42.0,1.5185185185185186,0.975609756097561,1.05,equilibrium
82,6,40.0,42,38.0,0.975609756097561,1.05,0.9047619047619048,equilibrium
82,7,42.0,38,40.0,1.05,0.9047619047619048,1.0526315789473684,extinguished
82,8,38.0,40,39.0,0.9047619047619048,1.0526315789473684,0.975,supercritical
82,9,40.0,39,68.0,1.0526315789473684,0.975,1.7435897435897436,equilibrium
82,10,39.0,68,40.0,0.975,1.7435897435897436,0.5882352941176471,supercritical
82,11,68.0,40,46.0,1.7435897435897436,0.5882352941176471,1.15,extinguished
82,12,40.0,46,31.0,0.5882352941176471,1.15,0.6739130434782609,supercritical
82,13,46.0,31,41.0,1.15,0.6739130434782609,1.3225806451612905,extinguished
82,14,31.0,41,52.0,0.6739130434782609,1.3225806451612905,1.2682926829268293,supercritical
82,15,41.0,52,45.0,1.3225806451612905,1.2682926829268293,0.8653846153846154,supercritical
82,16,52.0,45,33.0,1.2682926829268293,0.8653846153846154,0.7333333333333333,extinguished
82,17,45.0,33,45.0,0.8653846153846154,0.7333333333333333,1.3636363636363635,extinguished
82,18,33.0,45,52.0,0.7333333333333333,1.3636363636363635,1.1555555555555554,supercritical
82,19,45.0,52,-1.0,1.3636363636363635,1.1555555555555554,-1.0,supercritical
83,0,-1.0,2,1.0,-1.0,-1.0,0.5,initial
83,1,2.0,1,3.0,-1.0,0.5,3.0,extinguished
83,2,1.0,3,6.0,0.5,3.0,2.0,supercritical
83,3,3.0,6,11.0,3.0,2.0,1.8333333333333333,supercritical
83,4,6.0,11,25.0,2.0,1.8333333333333333,2.272727272727273,supercritical
83,5,11.0,25,58.0,1.8333333333333333,2.272727272727273,2.32,supercritical
83,6,25.0,58,32.0,2.272727272727273,2.32,0.5517241379310345,supercritical
83,7,58.0,32,39.0,2.32,0.5517241379310345,1.21875,extinguished
83,8,32.0,39,46.0,0.5517241379310345,1.21875,1.1794871794871795,supercritical
83,9,39.0,46,54.0,1.21875,1.1794871794871795,1.173913043478261,supercritical
83,10,46.0,54,48.0,1.1794871794871795,1.173913043478261,0.8888888888888888,supercritical
83,11,54.0,48,37.0,1.173913043478261,0.8888888888888888,0.7708333333333334,extinguished
83,12,48.0,37,58.0,0.8888888888888888,0.7708333333333334,1.5675675675675675,extinguished
83,13,37.0,58,41.0,0.7708333333333334,1.5675675675675675,0.7068965517241379,supercritical
83,14,58.0,41,42.0,1.5675675675675675,0.7068965517241379,1.024390243902439,extinguished
83,15,41.0,42,56.0,0.7068965517241379,1.024390243902439,1.3333333333333333,equilibrium
83,16,42.0,56,62.0,1.024390243902439,1.3333333333333333,1.1071428571428572,supercritical
83,17,56.0,62,42.0,1.3333333333333333,1.1071428571428572,0.6774193548387096,supercritical
83,18,62.0,42,52.0,1.1071428571428572,0.6774193548387096,1.238095238095238,extinguished
83,19,42.0,52,-1.0,0.6774193548387096,1.238095238095238,-1.0,supercritical
84,0,-1.0,5,12.0,-1.0,-1.0,2.4,initial
84,1,5.0,12,18.0,-1.0,2.4,1.5,supercritical
84,2,12.0,18,20.0,2.4,1.5,1.1111111111111112,supercritical
84,3,18.0,20,36.0,1.5,1.1111111111111112,1.8,supercritical
84,4,20.0,36,41.0,1.1111111111111112,1.8,1.1388888888888888,supercritical
84,5,36.0,41,49.0,1.8,1.1388888888888888,1.195121951219512,supercritical
84,6,41.0,49,39.0,1.1388888888888888,1.195121951219512,0.7959183673469388,supercritical
84,7,49.0,39,53.0,1.195121951219512,0.7959183673469388,1.358974358974359,extinguished
84,8,39.0,53,59.0,0.7959183673469388,1.358974358974359,1.1132075471698113,supercritical
84,9,53.0,59,29.0,1.358974358974359,1.1132075471698113,0.4915254237288136,supercritical
84,10,59.0,29,35.0,1.1132075471698113,0.4915254237288136,1.206896551724138,extinguished
84,11,29.0,35,46.0,0.4915254237288136,1.206896551724138,1.3142857142857145,supercritical
84,12,35.0,46,86.0,1.206896551724138,1.3142857142857145,1.8695652173913044,supercritical
84,13,46.0,86,17.0,1.3142857142857145,1.8695652173913044,0.1976744186046511,supercritical
84,14,86.0,17,34.0,1.8695652173913044,0.1976744186046511,2.0,extinguished
84,15,17.0,34,38.0,0.1976744186046511,2.0,1.1176470588235294,supercritical
84,16,34.0,38,61.0,2.0,1.1176470588235294,1.605263157894737,supercritical
84,17,38.0,61,37.0,1.1176470588235294,1.605263157894737,0.6065573770491803,supercritical
84,18,61.0,37,55.0,1.605263157894737,0.6065573770491803,1.4864864864864864,extinguished
84,19,37.0,55,-1.0,0.6065573770491803,1.4864864864864864,-1.0,supercritical
85,0,-1.0,3,6.0,-1.0,-1.0,2.0,initial
85,1,3.0,6,22.0,-1.0,2.0,3.6666666666666665,supercritical
85,2,6.0,22,32.0,2.0,3.6666666666666665,1.4545454545454546,supercritical
85,3,22.0,32,60.0,3.6666666666666665,1.4545454545454546,1.875,supercritical
85,4,32.0,60,47.0,1.4545454545454546,1.875,0.7833333333333333,supercritical
85,5,60.0,47,42.0,1.875,0.7833333333333333,0.8936170212765957,extinguished
85,6,47.0,42,54.0,0.7833333333333333,0.8936170212765957,1.2857142857142858,extinguished
85,7,42.0,54,46.0,0.8936170212765957,1.2857142857142858,0.8518518518518519,supercritical
85,8,54.0,46,45.0,1.2857142857142858,0.8518518518518519,0.9782608695652174,extinguished
85,9,46.0,45,47.0,0.8518518518518519,0.9782608695652174,1.0444444444444445,equilibrium
85,10,45.0,47,71.0,0.9782608695652174,1.0444444444444445,1.5106382978723405,equilibrium
85,11,47.0,71,35.0,1.0444444444444445,1.5106382978723405,0.4929577464788732,supercritical
85,12,71.0,35,42.0,1.5106382978723405,0.4929577464788732,1.2,extinguished
85,13,35.0,42,52.0,0.4929577464788732,1.2,1.238095238095238,supercritical
85,14,42.0,52,67.0,1.2,1.238095238095238,1.2884615384615383,supercritical
85,15,52.0,67,45.0,1.238095238095238,1.2884615384615383,0.6716417910447762,supercritical
85,16,67.0,45,65.0,1.2884615384615383,0.6716417910447762,1.4444444444444444,extinguished
85,17,45.0,65,53.0,0.6716417910447762,1.4444444444444444,0.8153846153846154,supercritical
85,18,65.0,53,72.0,1.4444444444444444,0.8153846153846154,1.3584905660377358,extinguished
85,19,53.0,72,-1.0,0.8153846153846154,1.3584905660377358,-1.0,supercritical
86,0,-1.0,1,1.0,-1.0,-1.0,1.0,initial
86,1,1.0,1,6.0,-1.0,1.0,6.0,equilibrium
86,2,1.0,6,13.0,1.0,6.0,2.1666666666666665,supercritical
86,3,6.0,13,29.0,6.0,2.1666666666666665,2.230769230769231,supercritical
86,4,13.0,29,44.0,2.1666666666666665,2.230769230769231,1.5172413793103448,supercritical
86,5,29.0,44,50.0,2.230769230769231,1.5172413793103448,1.1363636363636365,supercritical
86,6,44.0,50,51.0,1.5172413793103448,1.1363636363636365,1.02,supercritical
86,7,50.0,51,63.0,1.1363636363636365,1.02,1.2352941176470589,equilibrium
86,8,51.0,63,78.0,1.02,1.2352941176470589,1.238095238095238,supercritical
86,9,63.0,78,28.0,1.2352941176470589,1.238095238095238,0.358974358974359,supercritical
86,10,78.0,28,61.0,1.238095238095238,0.358974358974359,2.1785714285714284,extinguished
86,11,28.0,61,50.0,0.358974358974359,2.1785714285714284,0.819672131147541,supercritical
86,12,61.0,50,53.0,2.1785714285714284,0.819672131147541,1.06,extinguished
86,13,50.0,53,66.0,0.819672131147541,1.06,1.2452830188679245,supercritical
86,14,53.0,66,58.0,1.06,1.2452830188679245,0.8787878787878788,supercritical
86,15,66.0,58,48.0,1.2452830188679245,0.8787878787878788,0.8275862068965517,extinguished
86,16,58.0,48,52.0,0.8787878787878788,0.8275862068965517,1.0833333333333333,extinguished
86,17,48.0,52,67.0,0.8275862068965517,1.0833333333333333,1.2884615384615383,supercritical
86,18,52.0,67,54.0,1.0833333333333333,1.2884615384615383,0.8059701492537313,supercritical
86,19,67.0,54,-1.0,1.2884615384615383,0.8059701492537313,-1.0,extinguished
87,0,-1.0,1,0.0,-1.0,-1.0,0.0,initial
87,1,1.0,0,0.0,-1.0,0.0,0.0,extinguished
87,2,0.0,0,0.0,0.0,0.0,0.0,extinguished
87,3,0.0,0,0.0,0.0,0.0,0.0,extinguished
87,4,0.0,0,0.0,0.0,0.0,0.0,extinguished
87,5,0.0,0,0.0,0.0,0.0,0.0,extinguished
87,6,0.0,0,0.0,0.0,0.0,0.0,extinguished
87,7,0.0,0,0.0,0.0,0.0,0.0,extinguished
87,8,0.0,0,0.0,0.0,0.0,0.0,extinguished
87,9,0.0,0,0.0,0.0,0.0,0.0,extinguished
87,10,0.0,0,0.0,0.0,0.0,0.0,extinguished
87,11,0.0,0,0.0,0.0,0.0,0.0,extinguished
87,12,0.0,0,0.0,0.0,0.0,0.0,extinguished
87,13,0.0,0,0.0,0.0,0.0,0.0,extinguished
87,14,0.0,0,0.0,0.0,0.0,0.0,extinguished
87,15,0.0,0,0.0,0.0,0.0,0.0,extinguished
87,16,0.0,0,0.0,0.0,0.0,0.0,extinguished
87,17,0.0,0,0.0,0.0,0.0,0.0,extinguished
87,18,0.0,0,0.0,0.0,0.0,0.0,extinguished
87,19,0.0,0,-1.0,0.0,0.0,-1.0,extinguished
88,0,-1.0,1,1.0,-1.0,-1.0,1.0,initial
88,1,1.0,1,1.0,-1.0,1.0,1.0,equilibrium
88,2,1.0,1,0.0,1.0,1.0,0.0,equilibrium
88,3,1.0,0,0.0,1.0,0.0,0.0,extinguished
88,4,0.0,0,0.0,0.0,0.0,0.0,extinguished
88,5,0.0,0,0.0,0.0,0.0,0.0,extinguished
88,6,0.0,0,0.0,0.0,0.0,0.0,extinguished
88,7,0.0,0,0.0,0.0,0.0,0.0,extinguished
88,8,0.0,0,0.0,0.0,0.0,0.0,extinguished
88,9,0.0,0,0.0,0.0,0.0,0.0,extinguished
88,10,0.0,0,0.0,0.0,0.0,0.0,extinguished
88,11,0.0,0,0.0,0.0,0.0,0.0,extinguished
88,12,0.0,0,0.0,0.0,0.0,0.0,extinguished
88,13,0.0,0,0.0,0.0,0.0,0.0,extinguished
88,14,0.0,0,0.0,0.0,0.0,0.0,extinguished
88,15,0.0,0,0.0,0.0,0.0,0.0,extinguished
88,16,0.0,0,0.0,0.0,0.0,0.0,extinguished
88,17,0.0,0,0.0,0.0,0.0,0.0,extinguished
88,18,0.0,0,0.0,0.0,0.0,0.0,extinguished
88,19,0.0,0,-1.0,0.0,0.0,-1.0,extinguished
89,0,-1.0,2,2.0,-1.0,-1.0,1.0,initial
89,1,2.0,2,8.0,-1.0,1.0,4.0,equilibrium
89,2,2.0,8,12.0,1.0,4.0,1.5,supercritical
89,3,8.0,12,17.0,4.0,1.5,1.4166666666666667,supercritical
89,4,12.0,17,27.0,1.5,1.4166666666666667,1.588235294117647,supercritical
89,5,17.0,27,43.0,1.4166666666666667,1.588235294117647,1.5925925925925926,supercritical
89,6,27.0,43,34.0,1.588235294117647,1.5925925925925926,0.7906976744186046,supercritical
89,7,43.0,34,53.0,1.5925925925925926,0.7906976744186046,1.5588235294117647,extinguished
89,8,34.0,53,50.0,0.7906976744186046,1.5588235294117647,0.9433962264150944,supercritical
89,9,53.0,50,45.0,1.5588235294117647,0.9433962264150944,0.9,extinguished
89,10,50.0,45,57.0,0.9433962264150944,0.9,1.2666666666666666,extinguished
89,11,45.0,57,65.0,0.9,1.2666666666666666,1.1403508771929824,supercritical
89,12,57.0,65,40.0,1.2666666666666666,1.1403508771929824,0.6153846153846154,supercritical
89,13,65.0,40,56.0,1.1403508771929824,0.6153846153846154,1.4,extinguished
89,14,40.0,56,41.0,0.6153846153846154,1.4,0.7321428571428571,supercritical
89,15,56.0,41,60.0,1.4,0.7321428571428571,1.4634146341463414,extinguished
89,16,41.0,60,53.0,0.7321428571428571,1.4634146341463414,0.8833333333333333,supercritical
89,17,60.0,53,43.0,1.4634146341463414,0.8833333333333333,0.8113207547169812,extinguished
89,18,53.0,43,44.0,0.8833333333333333,0.8113207547169812,1.0232558139534884,extinguished
89,19,43.0,44,-1.0,0.8113207547169812,1.0232558139534884,-1.0,equilibrium
90,0,-1.0,5,8.0,-1.0,-1.0,1.6,initial
90,1,5.0,8,13.0,-1.0,1.6,1.625,supercritical
90,2,8.0,13,29.0,1.6,1.625,2.230769230769231,supercritical
90,3,13.0,29,25.0,1.625,2.230769230769231,0.8620689655172413,supercritical
90,4,29.0,25,48.0,2.230769230769231,0.8620689655172413,1.92,extinguished
90,5,25.0,48,46.0,0.8620689655172413,1.92,0.9583333333333334,supercritical
90,6,48.0,46,28.0,1.92,0.9583333333333334,0.6086956521739131,equilibrium
90,7,46.0,28,44.0,0.9583333333333334,0.6086956521739131,1.5714285714285714,extinguished
90,8,28.0,44,39.0,0.6086956521739131,1.5714285714285714,0.8863636363636364,supercritical
90,9,44.0,39,34.0,1.5714285714285714,0.8863636363636364,0.8717948717948718,extinguished
90,10,39.0,34,40.0,0.8863636363636364,0.8717948717948718,1.1764705882352942,extinguished
90,11,34.0,40,46.0,0.8717948717948718,1.1764705882352942,1.15,supercritical
90,12,40.0,46,40.0,1.1764705882352942,1.15,0.8695652173913043,supercritical
90,13,46.0,40,53.0,1.15,0.8695652173913043,1.325,extinguished
90,14,40.0,53,43.0,0.8695652173913043,1.325,0.8113207547169812,supercritical
90,15,53.0,43,33.0,1.325,0.8113207547169812,0.7674418604651163,extinguished
90,16,43.0,33,36.0,0.8113207547169812,0.7674418604651163,1.0909090909090908,extinguished
90,17,33.0,36,41.0,0.7674418604651163,1.0909090909090908,1.1388888888888888,supercritical
90,18,36.0,41,37.0,1.0909090909090908,1.1388888888888888,0.902439024390244,supercritical
90,19,41.0,37,-1.0,1.1388888888888888,0.902439024390244,-1.0,extinguished
91,0,-1.0,4,3.0,-1.0,-1.0,0.75,initial
91,1,4.0,3,2.0,-1.0,0.75,0.6666666666666666,extinguished
91,2,3.0,2,7.0,0.75,0.6666666666666666,3.5,extinguished
91,3,2.0,7,15.0,0.6666666666666666,3.5,2.142857142857143,supercritical
91,4,7.0,15,14.0,3.5,2.142857142857143,0.9333333333333332,supercritical
91,5,15.0,14,22.0,2.142857142857143,0.9333333333333332,1.5714285714285714,extinguished
91,6,14.0,22,29.0,0.9333333333333332,1.5714285714285714,1.318181818181818,supercritical
91,7,22.0,29,27.0,1.5714285714285714,1.318181818181818,0.9310344827586208,supercritical
91,8,29.0,27,25.0,1.318181818181818,0.9310344827586208,0.925925925925926,extinguished
91,9,27.0,25,25.0,0.9310344827586208,0.925925925925926,1.0,extinguished
91,10,25.0,25,35.0,0.925925925925926,1.0,1.4,equilibrium
91,11,25.0,35,38.0,1.0,1.4,1.0857142857142856,supercritical
91,12,35.0,38,48.0,1.4,1.0857142857142856,1.263157894736842,supercritical
91,13,38.0,48,43.0,1.0857142857142856,1.263157894736842,0.8958333333333334,supercritical
91,14,48.0,43,49.0,1.263157894736842,0.8958333333333334,1.1395348837209305,extinguished
91,15,43.0,49,53.0,0.8958333333333334,1.1395348837209305,1.0816326530612246,supercritical
91,16,49.0,53,48.0,1.1395348837209305,1.0816326530612246,0.9056603773584906,supercritical
91,17,53.0,48,41.0,1.0816326530612246,0.9056603773584906,0.8541666666666666,extinguished
91,18,48.0,41,46.0,0.9056603773584906,0.8541666666666666,1.1219512195121952,extinguished
91,19,41.0,46,-1.0,0.8541666666666666,1.1219512195121952,-1.0,supercritical
92,0,-1.0,1,3.0,-1.0,-1.0,3.0,initial
92,1,1.0,3,4.0,-1.0,3.0,1.3333333333333333,supercritical
92,2,3.0,4,8.0,3.0,1.3333333333333333,2.0,supercritical
92,3,4.0,8,9.0,1.3333333333333333,2.0,1.125,supercritical
92,4,8.0,9,11.0,2.0,1.125,1.2222222222222223,supercritical
92,5,9.0,11,20.0,1.125,1.2222222222222223,1.818181818181818,supercritical
92,6,11.0,20,30.0,1.2222222222222223,1.818181818181818,1.5,supercritical
92,7,20.0,30,38.0,1.818181818181818,1.5,1.2666666666666666,supercritical
92,8,30.0,38,51.0,1.5,1.2666666666666666,1.3421052631578947,supercritical
92,9,38.0,51,50.0,1.2666666666666666,1.3421052631578947,0.9803921568627452,supercritical
92,10,51.0,50,60.0,1.3421052631578947,0.9803921568627452,1.2,equilibrium
92,11,50.0,60,43.0,0.9803921568627452,1.2,0.7166666666666667,supercritical
92,12,60.0,43,52.0,1.2,0.7166666666666667,1.2093023255813953,extinguished
92,13,43.0,52,61.0,0.7166666666666667,1.2093023255813953,1.1730769230769231,supercritical
92,14,52.0,61,28.0,1.2093023255813953,1.1730769230769231,0.4590163934426229,supercritical
92,15,61.0,28,37.0,1.1730769230769231,0.4590163934426229,1.3214285714285714,extinguished
92,16,28.0,37,51.0,0.4590163934426229,1.3214285714285714,1.3783783783783785,supercritical
92,17,37.0,51,44.0,1.3214285714285714,1.3783783783783785,0.8627450980392157,supercritical
92,18,51.0,44,55.0,1.3783783783783785,0.8627450980392157,1.25,extinguished
92,19,44.0,55,-1.0,0.8627450980392157,1.25,-1.0,supercritical
93,0,-1.0,4,6.0,-1.0,-1.0,1.5,initial
93,1,4.0,6,8.0,-1.0,1.5,1.3333333333333333,supercritical
93,2,6.0,8,8.0,1.5,1.3333333333333333,1.0,supercritical
93,3,8.0,8,19.0,1.3333333333333333,1.0,2.375,equilibrium
93,4,8.0,19,22.0,1.0,2.375,1.1578947368421053,supercritical
93,5,19.0,22,24.0,2.375,1.1578947368421053,1.0909090909090908,supercritical
93,6,22.0,24,33.0,1.1578947368421053,1.0909090909090908,1.375,supercritical
93,7,24.0,33,32.0,1.0909090909090908,1.375,0.9696969696969696,supercritical
93,8,33.0,32,33.0,1.375,0.9696969696969696,1.03125,equilibrium
93,9,32.0,33,24.0,0.9696969696969696,1.03125,0.7272727272727273,equilibrium
93,10,33.0,24,29.0,1.03125,0.7272727272727273,1.2083333333333333,extinguished
93,11,24.0,29,42.0,0.7272727272727273,1.2083333333333333,1.4482758620689655,supercritical
93,12,29.0,42,43.0,1.2083333333333333,1.4482758620689655,1.0238095238095235,supercritical
93,13,42.0,43,36.0,1.4482758620689655,1.0238095238095235,0.8372093023255814,equilibrium
93,14,43.0,36,41.0,1.0238095238095235,0.8372093023255814,1.1388888888888888,extinguished
93,15,36.0,41,50.0,0.8372093023255814,1.1388888888888888,1.2195121951219512,supercritical
93,16,41.0,50,43.0,1.1388888888888888,1.2195121951219512,0.86,supercritical
93,17,50.0,43,45.0,1.2195121951219512,0.86,1.0465116279069768,extinguished
93,18,43.0,45,64.0,0.86,1.0465116279069768,1.4222222222222225,equilibrium
93,19,45.0,64,-1.0,1.0465116279069768,1.4222222222222225,-1.0,supercritical
94,0,-1.0,5,12.0,-1.0,-1.0,2.4,initial
94,1,5.0,12,22.0,-1.0,2.4,1.8333333333333333,supercritical
94,2,12.0,22,34.0,2.4,1.8333333333333333,1.5454545454545454,supercritical
94,3,22.0,34,23.0,1.8333333333333333,1.5454545454545454,0.6764705882352942,supercritical
94,4,34.0,23,27.0,1.5454545454545454,0.6764705882352942,1.173913043478261,extinguished
94,5,23.0,27,32.0,0.6764705882352942,1.173913043478261,1.1851851851851851,supercritical
94,6,27.0,32,44.0,1.173913043478261,1.1851851851851851,1.375,supercritical
94,7,32.0,44,46.0,1.1851851851851851,1.375,1.0454545454545454,supercritical
94,8,44.0,46,40.0,1.375,1.0454545454545454,0.8695652173913043,equilibrium
94,9,46.0,40,43.0,1.0454545454545454,0.8695652173913043,1.075,extinguished
94,10,40.0,43,42.0,0.8695652173913043,1.075,0.9767441860465116,supercritical
94,11,43.0,42,47.0,1.075,0.9767441860465116,1.119047619047619,equilibrium
94,12,42.0,47,33.0,0.9767441860465116,1.119047619047619,0.7021276595744681,supercritical
94,13,47.0,33,37.0,1.119047619047619,0.7021276595744681,1.121212121212121,extinguished
94,14,33.0,37,41.0,0.7021276595744681,1.121212121212121,1.108108108108108,supercritical
94,15,37.0,41,36.0,1.121212121212121,1.108108108108108,0.8780487804878049,supercritical
94,16,41.0,36,47.0,1.108108108108108,0.8780487804878049,1.3055555555555556,extinguished
94,17,36.0,47,53.0,0.8780487804878049,1.3055555555555556,1.127659574468085,supercritical
94,18,47.0,53,40.0,1.3055555555555556,1.127659574468085,0.7547169811320755,supercritical
94,19,53.0,40,-1.0,1.127659574468085,0.7547169811320755,-1.0,extinguished
95,0,-1.0,1,0.0,-1.0,-1.0,0.0,initial
95,1,1.0,0,0.0,-1.0,0.0,0.0,extinguished
95,2,0.0,0,0.0,0.0,0.0,0.0,extinguished
95,3,0.0,0,0.0,0.0,0.0,0.0,extinguished
95,4,0.0,0,0.0,0.0,0.0,0.0,extinguished
95,5,0.0,0,0.0,0.0,0.0,0.0,extinguished
95,6,0.0,0,0.0,0.0,0.0,0.0,extinguished
95,7,0.0,0,0.0,0.0,0.0,0.0,extinguished
95,8,0.0,0,0.0,0.0,0.0,0.0,extinguished
95,9,0.0,0,0.0,0.0,0.0,0.0,extinguished
95,10,0.0,0,0.0,0.0,0.0,0.0,extinguished
95,11,0.0,0,0.0,0.0,0.0,0.0,extinguished
95,12,0.0,0,0.0,0.0,0.0,0.0,extinguished
95,13,0.0,0,0.0,0.0,0.0,0.0,extinguished
95,14,0.0,0,0.0,0.0,0.0,0.0,extinguished
95,15,0.0,0,0.0,0.0,0.0,0.0,extinguished
95,16,0.0,0,0.0,0.0,0.0,0.0,extinguished
95,17,0.0,0,0.0,0.0,0.0,0.0,extinguished
95,18,0.0,0,0.0,0.0,0.0,0.0,extinguished
95,19,0.0,0,-1.0,0.0,0.0,-1.0,extinguished
96,0,-1.0,5,8.0,-1.0,-1.0,1.6,initial
96,1,5.0,8,19.0,-1.0,1.6,2.375,supercritical
96,2,8.0,19,31.0,1.6,2.375,1.631578947368421,supercritical
96,3,19.0,31,46.0,2.375,1.631578947368421,1.4838709677419355,supercritical
96,4,31.0,46,33.0,1.631578947368421,1.4838709677419355,0.717391304347826,supercritical
96,5,46.0,33,45.0,1.4838709677419355,0.717391304347826,1.3636363636363635,extinguished
96,6,33.0,45,35.0,0.717391304347826,1.3636363636363635,0.7777777777777778,supercritical
96,7,45.0,35,46.0,1.3636363636363635,0.7777777777777778,1.3142857142857145,extinguished
96,8,35.0,46,42.0,0.7777777777777778,1.3142857142857145,0.9130434782608696,supercritical
96,9,46.0,42,55.0,1.3142857142857145,0.9130434782608696,1.3095238095238095,extinguished
96,10,42.0,55,69.0,0.9130434782608696,1.3095238095238095,1.2545454545454546,supercritical
96,11,55.0,69,45.0,1.3095238095238095,1.2545454545454546,0.6521739130434783,supercritical
96,12,69.0,45,43.0,1.2545454545454546,0.6521739130434783,0.9555555555555556,extinguished
96,13,45.0,43,40.0,0.6521739130434783,0.9555555555555556,0.9302325581395348,equilibrium
96,14,43.0,40,42.0,0.9555555555555556,0.9302325581395348,1.05,extinguished
96,15,40.0,42,32.0,0.9302325581395348,1.05,0.7619047619047619,equilibrium
96,16,42.0,32,33.0,1.05,0.7619047619047619,1.03125,extinguished
96,17,32.0,33,47.0,0.7619047619047619,1.03125,1.4242424242424243,equilibrium
96,18,33.0,47,54.0,1.03125,1.4242424242424243,1.148936170212766,supercritical
96,19,47.0,54,-1.0,1.4242424242424243,1.148936170212766,-1.0,supercritical
97,0,-1.0,5,11.0,-1.0,-1.0,2.2,initial
97,1,5.0,11,15.0,-1.0,2.2,1.3636363636363635,supercritical
97,2,11.0,15,21.0,2.2,1.3636363636363635,1.4,supercritical
97,3,15.0,21,44.0,1.3636363636363635,1.4,2.095238095238096,supercritical
97,4,21.0,44,57.0,1.4,2.095238095238096,1.2954545454545454,supercritical
97,5,44.0,57,54.0,2.095238095238096,1.2954545454545454,0.9473684210526316,supercritical
97,6,57.0,54,47.0,1.2954545454545454,0.9473684210526316,0.8703703703703703,extinguished
97,7,54.0,47,59.0,0.9473684210526316,0.8703703703703703,1.25531914893617,extinguished
97,8,47.0,59,40.0,0.8703703703703703,1.25531914893617,0.6779661016949152,supercritical
97,9,59.0,40,54.0,1.25531914893617,0.6779661016949152,1.35,extinguished
97,10,40.0,54,43.0,0.6779661016949152,1.35,0.7962962962962963,supercritical
97,11,54.0,43,41.0,1.35,0.7962962962962963,0.9534883720930232,extinguished
97,12,43.0,41,50.0,0.7962962962962963,0.9534883720930232,1.2195121951219512,equilibrium
97,13,41.0,50,50.0,0.9534883720930232,1.2195121951219512,1.0,supercritical
97,14,50.0,50,32.0,1.2195121951219512,1.0,0.64,equilibrium
97,15,50.0,32,51.0,1.0,0.64,1.59375,extinguished
97,16,32.0,51,47.0,0.64,1.59375,0.9215686274509804,supercritical
97,17,51.0,47,55.0,1.59375,0.9215686274509804,1.1702127659574468,extinguished
97,18,47.0,55,43.0,0.9215686274509804,1.1702127659574468,0.7818181818181819,supercritical
97,19,55.0,43,-1.0,1.1702127659574468,0.7818181818181819,-1.0,extinguished
98,0,-1.0,4,10.0,-1.0,-1.0,2.5,initial
98,1,4.0,10,24.0,-1.0,2.5,2.4,supercritical
98,2,10.0,24,35.0,2.5,2.4,1.4583333333333333,supercritical
98,3,24.0,35,28.0,2.4,1.4583333333333333,0.8,supercritical
98,4,35.0,28,32.0,1.4583333333333333,0.8,1.1428571428571428,extinguished
98,5,28.0,32,41.0,0.8,1.1428571428571428,1.28125,supercritical
98,6,32.0,41,58.0,1.1428571428571428,1.28125,1.4146341463414631,supercritical
98,7,41.0,58,54.0,1.28125,1.4146341463414631,0.9310344827586208,supercritical
98,8,58.0,54,42.0,1.4146341463414631,0.9310344827586208,0.7777777777777778,extinguished
98,9,54.0,42,33.0,0.9310344827586208,0.7777777777777778,0.7857142857142857,extinguished
98,10,42.0,33,45.0,0.7777777777777778,0.7857142857142857,1.3636363636363635,extinguished
98,11,33.0,45,41.0,0.7857142857142857,1.3636363636363635,0.9111111111111112,supercritical
98,12,45.0,41,48.0,1.3636363636363635,0.9111111111111112,1.170731707317073,extinguished
98,13,41.0,48,47.0,0.9111111111111112,1.170731707317073,0.9791666666666666,supercritical
98,14,48.0,47,40.0,1.170731707317073,0.9791666666666666,0.851063829787234,equilibrium
98,15,47.0,40,37.0,0.9791666666666666,0.851063829787234,0.925,extinguished
98,16,40.0,37,45.0,0.851063829787234,0.925,1.2162162162162162,extinguished
98,17,37.0,45,38.0,0.925,1.2162162162162162,0.8444444444444444,supercritical
98,18,45.0,38,36.0,1.2162162162162162,0.8444444444444444,0.9473684210526316,extinguished
98,19,38.0,36,-1.0,0.8444444444444444,0.9473684210526316,-1.0,extinguished
99,0,-1.0,1,2.0,-1.0,-1.0,2.0,initial
99,1,1.0,2,1.0,-1.0,2.0,0.5,supercritical
99,2,2.0,1,1.0,2.0,0.5,1.0,extinguished
99,3,1.0,1,4.0,0.5,1.0,4.0,equilibrium
99,4,1.0,4,10.0,1.0,4.0,2.5,supercritical
99,5,4.0,10,13.0,4.0,2.5,1.3,supercritical
99,6,10.0,13,26.0,2.5,1.3,2.0,supercritical
99,7,13.0,26,32.0,1.3,2.0,1.2307692307692308,supercritical
99,8,26.0,32,43.0,2.0,1.2307692307692308,1.34375,supercritical
99,9,32.0,43,37.0,1.2307692307692308,1.34375,0.8604651162790697,supercritical
99,10,43.0,37,53.0,1.34375,0.8604651162790697,1.4324324324324325,extinguished
99,11,37.0,53,44.0,0.8604651162790697,1.4324324324324325,0.8301886792452831,supercritical
99,12,53.0,44,44.0,1.4324324324324325,0.8301886792452831,1.0,extinguished
99,13,44.0,44,41.0,0.8301886792452831,1.0,0.9318181818181818,equilibrium
99,14,44.0,41,46.0,1.0,0.9318181818181818,1.1219512195121952,extinguished
99,15,41.0,46,43.0,0.9318181818181818,1.1219512195121952,0.9347826086956522,supercritical
99,16,46.0,43,50.0,1.1219512195121952,0.9347826086956522,1.162790697674419,extinguished
99,17,43.0,50,59.0,0.9347826086956522,1.162790697674419,1.18,supercritical
99,18,50.0,59,53.0,1.162790697674419,1.18,0.8983050847457628,supercritical
99,19,59.0,53,-1.0,1.18,0.8983050847457628,-1.0,extinguished
100,0,-1.0,2,3.0,-1.0,-1.0,1.5,initial
100,1,2.0,3,2.0,-1.0,1.5,0.6666666666666666,supercritical
100,2,3.0,2,4.0,1.5,0.6666666666666666,2.0,extinguished
100,3,2.0,4,11.0,0.6666666666666666,2.0,2.75,supercritical
100,4,4.0,11,21.0,2.0,2.75,1.9090909090909087,supercritical
100,5,11.0,21,24.0,2.75,1.9090909090909087,1.1428571428571428,supercritical
100,6,21.0,24,39.0,1.9090909090909087,1.1428571428571428,1.625,supercritical
100,7,24.0,39,35.0,1.1428571428571428,1.625,0.8974358974358975,supercritical
100,8,39.0,35,55.0,1.625,0.8974358974358975,1.5714285714285714,extinguished
100,9,35.0,55,64.0,0.8974358974358975,1.5714285714285714,1.1636363636363636,supercritical
100,10,55.0,64,32.0,1.5714285714285714,1.1636363636363636,0.5,supercritical
100,11,64.0,32,29.0,1.1636363636363636,0.5,0.90625,extinguished
100,12,32.0,29,40.0,0.5,0.90625,1.3793103448275863,extinguished
100,13,29.0,40,45.0,0.90625,1.3793103448275863,1.125,supercritical
100,14,40.0,45,49.0,1.3793103448275863,1.125,1.0888888888888888,supercritical
100,15,45.0,49,54.0,1.125,1.0888888888888888,1.1020408163265305,supercritical
100,16,49.0,54,49.0,1.0888888888888888,1.1020408163265305,0.9074074074074074,supercritical
100,17,54.0,49,45.0,1.1020408163265305,0.9074074074074074,0.9183673469387756,extinguished
100,18,49.0,45,55.0,0.9074074074074074,0.9183673469387756,1.2222222222222223,extinguished
100,19,45.0,55,-1.0,0.9183673469387756,1.2222222222222223,-1.0,supercritical
101,0,-1.0,5,7.0,-1.0,-1.0,1.4,initial
101,1,5.0,7,14.0,-1.0,1.4,2.0,supercritical
101,2,7.0,14,29.0,1.4,2.0,2.071428571428572,supercritical
101,3,14.0,29,47.0,2.0,2.071428571428572,1.6206896551724137,supercritical
101,4,29.0,47,62.0,2.071428571428572,1.6206896551724137,1.319148936170213,supercritical
101,5,47.0,62,59.0,1.6206896551724137,1.319148936170213,0.9516129032258064,supercritical
101,6,62.0,59,75.0,1.319148936170213,0.9516129032258064,1.271186440677966,equilibrium
101,7,59.0,75,35.0,0.9516129032258064,1.271186440677966,0.4666666666666667,supercritical
101,8,75.0,35,42.0,1.271186440677966,0.4666666666666667,1.2,extinguished
101,9,35.0,42,58.0,0.4666666666666667,1.2,1.380952380952381,supercritical
101,10,42.0,58,62.0,1.2,1.380952380952381,1.0689655172413792,supercritical
101,11,58.0,62,44.0,1.380952380952381,1.0689655172413792,0.7096774193548387,supercritical
101,12,62.0,44,57.0,1.0689655172413792,0.7096774193548387,1.2954545454545454,extinguished
101,13,44.0,57,41.0,0.7096774193548387,1.2954545454545454,0.7192982456140351,supercritical
101,14,57.0,41,56.0,1.2954545454545454,0.7192982456140351,1.3658536585365857,extinguished
101,15,41.0,56,46.0,0.7192982456140351,1.3658536585365857,0.8214285714285714,supercritical
101,16,56.0,46,50.0,1.3658536585365857,0.8214285714285714,1.0869565217391304,extinguished
101,17,46.0,50,76.0,0.8214285714285714,1.0869565217391304,1.52,supercritical
101,18,50.0,76,22.0,1.0869565217391304,1.52,0.2894736842105263,supercritical
101,19,76.0,22,-1.0,1.52,0.2894736842105263,-1.0,extinguished
102,0,-1.0,5,4.0,-1.0,-1.0,0.8,initial
102,1,5.0,4,9.0,-1.0,0.8,2.25,extinguished
102,2,4.0,9,13.0,0.8,2.25,1.4444444444444444,supercritical
102,3,9.0,13,23.0,2.25,1.4444444444444444,1.7692307692307692,supercritical
102,4,13.0,23,28.0,1.4444444444444444,1.7692307692307692,1.2173913043478262,supercritical
102,5,23.0,28,46.0,1.7692307692307692,1.2173913043478262,1.6428571428571428,supercritical
102,6,28.0,46,43.0,1.2173913043478262,1.6428571428571428,0.9347826086956522,supercritical
102,7,46.0,43,46.0,1.6428571428571428,0.9347826086956522,1.069767441860465,extinguished
102,8,43.0,46,49.0,0.9347826086956522,1.069767441860465,1.065217391304348,supercritical
102,9,46.0,49,32.0,1.069767441860465,1.065217391304348,0.6530612244897959,supercritical
102,10,49.0,32,46.0,1.065217391304348,0.6530612244897959,1.4375,extinguished
102,11,32.0,46,44.0,0.6530612244897959,1.4375,0.9565217391304348,supercritical
102,12,46.0,44,38.0,1.4375,0.9565217391304348,0.8636363636363636,equilibrium
102,13,44.0,38,64.0,0.9565217391304348,0.8636363636363636,1.6842105263157894,extinguished
102,14,38.0,64,33.0,0.8636363636363636,1.6842105263157894,0.515625,supercritical
102,15,64.0,33,25.0,1.6842105263157894,0.515625,0.7575757575757576,extinguished
102,16,33.0,25,35.0,0.515625,0.7575757575757576,1.4,extinguished
102,17,25.0,35,45.0,0.7575757575757576,1.4,1.2857142857142858,supercritical
102,18,35.0,45,44.0,1.4,1.2857142857142858,0.9777777777777776,supercritical
102,19,45.0,44,-1.0,1.2857142857142858,0.9777777777777776,-1.0,equilibrium
103,0,-1.0,4,10.0,-1.0,-1.0,2.5,initial
103,1,4.0,10,18.0,-1.0,2.5,1.8,supercritical
103,2,10.0,18,32.0,2.5,1.8,1.7777777777777777,supercritical
103,3,18.0,32,50.0,1.8,1.7777777777777777,1.5625,supercritical
103,4,32.0,50,56.0,1.7777777777777777,1.5625,1.12,supercritical
103,5,50.0,56,64.0,1.5625,1.12,1.1428571428571428,supercritical
103,6,56.0,64,34.0,1.12,1.1428571428571428,0.53125,supercritical
103,7,64.0,34,61.0,1.1428571428571428,0.53125,1.7941176470588236,extinguished
103,8,34.0,61,74.0,0.53125,1.7941176470588236,1.213114754098361,supercritical
103,9,61.0,74,75.0,1.7941176470588236,1.213114754098361,1.0135135135135136,supercritical
103,10,74.0,75,30.0,1.213114754098361,1.0135135135135136,0.4,equilibrium
103,11,75.0,30,62.0,1.0135135135135136,0.4,2.066666666666667,extinguished
103,12,30.0,62,35.0,0.4,2.066666666666667,0.5645161290322581,supercritical
103,13,62.0,35,42.0,2.066666666666667,0.5645161290322581,1.2,extinguished
103,14,35.0,42,45.0,0.5645161290322581,1.2,1.0714285714285714,supercritical
103,15,42.0,45,53.0,1.2,1.0714285714285714,1.1777777777777778,supercritical
103,16,45.0,53,47.0,1.0714285714285714,1.1777777777777778,0.8867924528301887,supercritical
103,17,53.0,47,56.0,1.1777777777777778,0.8867924528301887,1.1914893617021276,extinguished
103,18,47.0,56,42.0,0.8867924528301887,1.1914893617021276,0.75,supercritical
103,19,56.0,42,-1.0,1.1914893617021276,0.75,-1.0,extinguished
104,0,-1.0,2,2.0,-1.0,-1.0,1.0,initial
104,1,2.0,2,5.0,-1.0,1.0,2.5,equilibrium
104,2,2.0,5,14.0,1.0,2.5,2.8,supercritical
104,3,5.0,14,18.0,2.5,2.8,1.2857142857142858,supercritical
104,4,14.0,18,30.0,2.8,1.2857142857142858,1.6666666666666667,supercritical
104,5,18.0,30,48.0,1.2857142857142858,1.6666666666666667,1.6,supercritical
104,6,30.0,48,62.0,1.6666666666666667,1.6,1.2916666666666667,supercritical
104,7,48.0,62,48.0,1.6,1.2916666666666667,0.7741935483870968,supercritical
104,8,62.0,48,47.0,1.2916666666666667,0.7741935483870968,0.9791666666666666,extinguished
104,9,48.0,47,63.0,0.7741935483870968,0.9791666666666666,1.3404255319148937,equilibrium
104,10,47.0,63,61.0,0.9791666666666666,1.3404255319148937,0.9682539682539684,supercritical
104,11,63.0,61,45.0,1.3404255319148937,0.9682539682539684,0.7377049180327869,equilibrium
104,12,61.0,45,47.0,0.9682539682539684,0.7377049180327869,1.0444444444444445,extinguished
104,13,45.0,47,60.0,0.7377049180327869,1.0444444444444445,1.2765957446808511,equilibrium
104,14,47.0,60,59.0,1.0444444444444445,1.2765957446808511,0.9833333333333332,supercritical
104,15,60.0,59,78.0,1.2765957446808511,0.9833333333333332,1.3220338983050848,equilibrium
104,16,59.0,78,22.0,0.9833333333333332,1.3220338983050848,0.282051282051282,supercritical
104,17,78.0,22,30.0,1.3220338983050848,0.282051282051282,1.3636363636363635,extinguished
104,18,22.0,30,40.0,0.282051282051282,1.3636363636363635,1.3333333333333333,supercritical
104,19,30.0,40,-1.0,1.3636363636363635,1.3333333333333333,-1.0,supercritical
105,0,-1.0,1,1.0,-1.0,-1.0,1.0,initial
105,1,1.0,1,4.0,-1.0,1.0,4.0,equilibrium
105,2,1.0,4,13.0,1.0,4.0,3.25,supercritical
105,3,4.0,13,28.0,4.0,3.25,2.1538461538461537,supercritical
105,4,13.0,28,39.0,3.25,2.1538461538461537,1.3928571428571428,supercritical
105,5,28.0,39,46.0,2.1538461538461537,1.3928571428571428,1.1794871794871795,supercritical
105,6,39.0,46,37.0,1.3928571428571428,1.1794871794871795,0.8043478260869565,supercritical
105,7,46.0,37,46.0,1.1794871794871795,0.8043478260869565,1.2432432432432432,extinguished
105,8,37.0,46,50.0,0.8043478260869565,1.2432432432432432,1.0869565217391304,supercritical
105,9,46.0,50,56.0,1.2432432432432432,1.0869565217391304,1.12,supercritical
105,10,50.0,56,72.0,1.0869565217391304,1.12,1.2857142857142858,supercritical
105,11,56.0,72,61.0,1.12,1.2857142857142858,0.8472222222222222,supercritical
105,12,72.0,61,45.0,1.2857142857142858,0.8472222222222222,0.7377049180327869,extinguished
105,13,61.0,45,58.0,0.8472222222222222,0.7377049180327869,1.288888888888889,extinguished
105,14,45.0,58,51.0,0.7377049180327869,1.288888888888889,0.8793103448275862,supercritical
105,15,58.0,51,33.0,1.288888888888889,0.8793103448275862,0.6470588235294118,extinguished
105,16,51.0,33,61.0,0.8793103448275862,0.6470588235294118,1.8484848484848484,extinguished
105,17,33.0,61,36.0,0.6470588235294118,1.8484848484848484,0.5901639344262295,supercritical
105,18,61.0,36,35.0,1.8484848484848484,0.5901639344262295,0.9722222222222222,extinguished
105,19,36.0,35,-1.0,0.5901639344262295,0.9722222222222222,-1.0,equilibrium
106,0,-1.0,4,7.0,-1.0,-1.0,1.75,initial
106,1,4.0,7,17.0,-1.0,1.75,2.4285714285714284,supercritical
106,2,7.0,17,33.0,1.75,2.4285714285714284,1.9411764705882355,supercritical
106,3,17.0,33,53.0,2.4285714285714284,1.9411764705882355,1.606060606060606,supercritical
106,4,33.0,53,43.0,1.9411764705882355,1.606060606060606,0.8113207547169812,supercritical
106,5,53.0,43,54.0,1.606060606060606,0.8113207547169812,1.255813953488372,extinguished
106,6,43.0,54,39.0,0.8113207547169812,1.255813953488372,0.7222222222222222,supercritical
106,7,54.0,39,31.0,1.255813953488372,0.7222222222222222,0.7948717948717948,extinguished
106,8,39.0,31,39.0,0.7222222222222222,0.7948717948717948,1.2580645161290325,extinguished
106,9,31.0,39,51.0,0.7948717948717948,1.2580645161290325,1.3076923076923077,supercritical
106,10,39.0,51,59.0,1.2580645161290325,1.3076923076923077,1.156862745098039,supercritical
106,11,51.0,59,45.0,1.3076923076923077,1.156862745098039,0.7627118644067796,supercritical
106,12,59.0,45,43.0,1.156862745098039,0.7627118644067796,0.9555555555555556,extinguished
106,13,45.0,43,49.0,0.7627118644067796,0.9555555555555556,1.1395348837209305,equilibrium
106,14,43.0,49,50.0,0.9555555555555556,1.1395348837209305,1.020408163265306,supercritical
106,15,49.0,50,48.0,1.1395348837209305,1.020408163265306,0.96,equilibrium
106,16,50.0,48,37.0,1.020408163265306,0.96,0.7708333333333334,equilibrium
106,17,48.0,37,50.0,0.96,0.7708333333333334,1.351351351351351,extinguished
106,18,37.0,50,68.0,0.7708333333333334,1.351351351351351,1.36,supercritical
106,19,50.0,68,-1.0,1.351351351351351,1.36,-1.0,supercritical
107,0,-1.0,3,9.0,-1.0,-1.0,3.0,initial
107,1,3.0,9,12.0,-1.0,3.0,1.3333333333333333,supercritical
107,2,9.0,12,19.0,3.0,1.3333333333333333,1.5833333333333333,supercritical
107,3,12.0,19,38.0,1.3333333333333333,1.5833333333333333,2.0,supercritical
107,4,19.0,38,54.0,1.5833333333333333,2.0,1.4210526315789471,supercritical
107,5,38.0,54,41.0,2.0,1.4210526315789471,0.7592592592592593,supercritical
107,6,54.0,41,52.0,1.4210526315789471,0.7592592592592593,1.2682926829268293,extinguished
107,7,41.0,52,64.0,0.7592592592592593,1.2682926829268293,1.2307692307692308,supercritical
107,8,52.0,64,48.0,1.2682926829268293,1.2307692307692308,0.75,supercritical
107,9,64.0,48,55.0,1.2307692307692308,0.75,1.1458333333333333,extinguished
107,10,48.0,55,53.0,0.75,1.1458333333333333,0.9636363636363636,supercritical
107,11,55.0,53,57.0,1.1458333333333333,0.9636363636363636,1.0754716981132075,equilibrium
107,12,53.0,57,43.0,0.9636363636363636,1.0754716981132075,0.7543859649122807,supercritical
107,13,57.0,43,71.0,1.0754716981132075,0.7543859649122807,1.6511627906976745,extinguished
107,14,43.0,71,32.0,0.7543859649122807,1.6511627906976745,0.4507042253521127,supercritical
107,15,71.0,32,47.0,1.6511627906976745,0.4507042253521127,1.46875,extinguished
107,16,32.0,47,59.0,0.4507042253521127,1.46875,1.25531914893617,supercritical
107,17,47.0,59,41.0,1.46875,1.25531914893617,0.6949152542372882,supercritical
107,18,59.0,41,55.0,1.25531914893617,0.6949152542372882,1.3414634146341464,extinguished
107,19,41.0,55,-1.0,0.6949152542372882,1.3414634146341464,-1.0,supercritical
108,0,-1.0,3,5.0,-1.0,-1.0,1.6666666666666667,initial
108,1,3.0,5,5.0,-1.0,1.6666666666666667,1.0,supercritical
108,2,5.0,5,7.0,1.6666666666666667,1.0,1.4,equilibrium
108,3,5.0,7,11.0,1.0,1.4,1.5714285714285714,supercritical
108,4,7.0,11,11.0,1.4,1.5714285714285714,1.0,supercritical
108,5,11.0,11,16.0,1.5714285714285714,1.0,1.4545454545454546,equilibrium
108,6,11.0,16,21.0,1.0,1.4545454545454546,1.3125,supercritical
108,7,16.0,21,31.0,1.4545454545454546,1.3125,1.4761904761904765,supercritical
108,8,21.0,31,38.0,1.3125,1.4761904761904765,1.2258064516129032,supercritical
108,9,31.0,38,33.0,1.4761904761904765,1.2258064516129032,0.868421052631579,supercritical
108,10,38.0,33,39.0,1.2258064516129032,0.868421052631579,1.181818181818182,extinguished
108,11,33.0,39,34.0,0.868421052631579,1.181818181818182,0.8717948717948718,supercritical
108,12,39.0,34,46.0,1.181818181818182,0.8717948717948718,1.3529411764705883,extinguished
108,13,34.0,46,43.0,0.8717948717948718,1.3529411764705883,0.9347826086956522,supercritical
108,14,46.0,43,62.0,1.3529411764705883,0.9347826086956522,1.441860465116279,extinguished
108,15,43.0,62,54.0,0.9347826086956522,1.441860465116279,0.8709677419354839,supercritical
108,16,62.0,54,50.0,1.441860465116279,0.8709677419354839,0.925925925925926,extinguished
108,17,54.0,50,43.0,0.8709677419354839,0.925925925925926,0.86,extinguished
108,18,50.0,43,43.0,0.925925925925926,0.86,1.0,extinguished
108,19,43.0,43,-1.0,0.86,1.0,-1.0,equilibrium
109,0,-1.0,2,4.0,-1.0,-1.0,2.0,initial
109,1,2.0,4,4.0,-1.0,2.0,1.0,supercritical
109,2,4.0,4,8.0,2.0,1.0,2.0,equilibrium
109,3,4.0,8,18.0,1.0,2.0,2.25,supercritical
109,4,8.0,18,30.0,2.0,2.25,1.6666666666666667,supercritical
109,5,18.0,30,46.0,2.25,1.6666666666666667,1.5333333333333334,supercritical
109,6,30.0,46,48.0,1.6666666666666667,1.5333333333333334,1.0434782608695652,supercritical
109,7,46.0,48,40.0,1.5333333333333334,1.0434782608695652,0.8333333333333334,equilibrium
109,8,48.0,40,53.0,1.0434782608695652,0.8333333333333334,1.325,extinguished
109,9,40.0,53,51.0,0.8333333333333334,1.325,0.9622641509433962,supercritical
109,10,53.0,51,57.0,1.325,0.9622641509433962,1.1176470588235294,equilibrium
109,11,51.0,57,69.0,0.9622641509433962,1.1176470588235294,1.2105263157894737,supercritical
109,12,57.0,69,25.0,1.1176470588235294,1.2105263157894737,0.3623188405797101,supercritical
109,13,69.0,25,37.0,1.2105263157894737,0.3623188405797101,1.48,extinguished
109,14,25.0,37,60.0,0.3623188405797101,1.48,1.6216216216216215,supercritical
109,15,37.0,60,31.0,1.48,1.6216216216216215,0.5166666666666667,supercritical
109,16,60.0,31,53.0,1.6216216216216215,0.5166666666666667,1.7096774193548387,extinguished
109,17,31.0,53,52.0,0.5166666666666667,1.7096774193548387,0.981132075471698,supercritical
109,18,53.0,52,45.0,1.7096774193548387,0.981132075471698,0.8653846153846154,equilibrium
109,19,52.0,45,-1.0,0.981132075471698,0.8653846153846154,-1.0,extinguished
110,0,-1.0,4,11.0,-1.0,-1.0,2.75,initial
110,1,4.0,11,19.0,-1.0,2.75,1.7272727272727273,supercritical
110,2,11.0,19,24.0,2.75,1.7272727272727273,1.263157894736842,supercritical
110,3,19.0,24,30.0,1.7272727272727273,1.263157894736842,1.25,supercritical
110,4,24.0,30,39.0,1.263157894736842,1.25,1.3,supercritical
110,5,30.0,39,35.0,1.25,1.3,0.8974358974358975,supercritical
110,6,39.0,35,33.0,1.3,0.8974358974358975,0.9428571428571428,extinguished
110,7,35.0,33,39.0,0.8974358974358975,0.9428571428571428,1.181818181818182,extinguished
110,8,33.0,39,36.0,0.9428571428571428,1.181818181818182,0.9230769230769232,supercritical
110,9,39.0,36,38.0,1.181818181818182,0.9230769230769232,1.0555555555555556,extinguished
110,10,36.0,38,43.0,0.9230769230769232,1.0555555555555556,1.131578947368421,supercritical
110,11,38.0,43,50.0,1.0555555555555556,1.131578947368421,1.162790697674419,supercritical
110,12,43.0,50,51.0,1.131578947368421,1.162790697674419,1.02,supercritical
110,13,50.0,51,45.0,1.162790697674419,1.02,0.8823529411764706,equilibrium
110,14,51.0,45,58.0,1.02,0.8823529411764706,1.288888888888889,extinguished
110,15,45.0,58,35.0,0.8823529411764706,1.288888888888889,0.603448275862069,supercritical
110,16,58.0,35,45.0,1.288888888888889,0.603448275862069,1.2857142857142858,extinguished
110,17,35.0,45,30.0,0.603448275862069,1.2857142857142858,0.6666666666666666,supercritical
110,18,45.0,30,43.0,1.2857142857142858,0.6666666666666666,1.4333333333333331,extinguished
110,19,30.0,43,-1.0,0.6666666666666666,1.4333333333333331,-1.0,supercritical
111,0,-1.0,4,10.0,-1.0,-1.0,2.5,initial
111,1,4.0,10,12.0,-1.0,2.5,1.2,supercritical
111,2,10.0,12,19.0,2.5,1.2,1.5833333333333333,supercritical
111,3,12.0,19,24.0,1.2,1.5833333333333333,1.263157894736842,supercritical
111,4,19.0,24,33.0,1.5833333333333333,1.263157894736842,1.375,supercritical
111,5,24.0,33,39.0,1.263157894736842,1.375,1.181818181818182,supercritical
111,6,33.0,39,36.0,1.375,1.181818181818182,0.9230769230769232,supercritical
111,7,39.0,36,56.0,1.181818181818182,0.9230769230769232,1.5555555555555556,extinguished
111,8,36.0,56,46.0,0.9230769230769232,1.5555555555555556,0.8214285714285714,supercritical
111,9,56.0,46,43.0,1.5555555555555556,0.8214285714285714,0.9347826086956522,extinguished
111,10,46.0,43,61.0,0.8214285714285714,0.9347826086956522,1.4186046511627908,extinguished
111,11,43.0,61,67.0,0.9347826086956522,1.4186046511627908,1.098360655737705,supercritical
111,12,61.0,67,34.0,1.4186046511627908,1.098360655737705,0.5074626865671642,supercritical
111,13,67.0,34,38.0,1.098360655737705,0.5074626865671642,1.1176470588235294,extinguished
111,14,34.0,38,45.0,0.5074626865671642,1.1176470588235294,1.1842105263157894,supercritical
111,15,38.0,45,65.0,1.1176470588235294,1.1842105263157894,1.4444444444444444,supercritical
111,16,45.0,65,44.0,1.1842105263157894,1.4444444444444444,0.676923076923077,supercritical
111,17,65.0,44,46.0,1.4444444444444444,0.676923076923077,1.0454545454545454,extinguished
111,18,44.0,46,35.0,0.676923076923077,1.0454545454545454,0.7608695652173914,equilibrium
111,19,46.0,35,-1.0,1.0454545454545454,0.7608695652173914,-1.0,extinguished
112,0,-1.0,1,0.0,-1.0,-1.0,0.0,initial
112,1,1.0,0,0.0,-1.0,0.0,0.0,extinguished
112,2,0.0,0,0.0,0.0,0.0,0.0,extinguished
112,3,0.0,0,0.0,0.0,0.0,0.0,extinguished
112,4,0.0,0,0.0,0.0,0.0,0.0,extinguished
112,5,0.0,0,0.0,0.0,0.0,0.0,extinguished
112,6,0.0,0,0.0,0.0,0.0,0.0,extinguished
112,7,0.0,0,0.0,0.0,0.0,0.0,extinguished
112,8,0.0,0,0.0,0.0,0.0,0.0,extinguished
112,9,0.0,0,0.0,0.0,0.0,0.0,extinguished
112,10,0.0,0,0.0,0.0,0.0,0.0,extinguished
112,11,0.0,0,0.0,0.0,0.0,0.0,extinguished
112,12,0.0,0,0.0,0.0,0.0,0.0,extinguished
112,13,0.0,0,0.0,0.0,0.0,0.0,extinguished
112,14,0.0,0,0.0,0.0,0.0,0.0,extinguished
112,15,0.0,0,0.0,0.0,0.0,0.0,extinguished
112,16,0.0,0,0.0,0.0,0.0,0.0,extinguished
112,17,0.0,0,0.0,0.0,0.0,0.0,extinguished
112,18,0.0,0,0.0,0.0,0.0,0.0,extinguished
112,19,0.0,0,-1.0,0.0,0.0,-1.0,extinguished
113,0,-1.0,3,9.0,-1.0,-1.0,3.0,initial
113,1,3.0,9,13.0,-1.0,3.0,1.4444444444444444,supercritical
113,2,9.0,13,25.0,3.0,1.4444444444444444,1.9230769230769231,supercritical
113,3,13.0,25,37.0,1.4444444444444444,1.9230769230769231,1.48,supercritical
113,4,25.0,37,57.0,1.9230769230769231,1.48,1.5405405405405406,supercritical
113,5,37.0,57,44.0,1.48,1.5405405405405406,0.7719298245614035,supercritical
113,6,57.0,44,50.0,1.5405405405405406,0.7719298245614035,1.1363636363636365,extinguished
113,7,44.0,50,43.0,0.7719298245614035,1.1363636363636365,0.86,supercritical
113,8,50.0,43,34.0,1.1363636363636365,0.86,0.7906976744186046,extinguished
113,9,43.0,34,36.0,0.86,0.7906976744186046,1.0588235294117647,extinguished
113,10,34.0,36,47.0,0.7906976744186046,1.0588235294117647,1.3055555555555556,supercritical
113,11,36.0,47,46.0,1.0588235294117647,1.3055555555555556,0.9787234042553192,supercritical
113,12,47.0,46,43.0,1.3055555555555556,0.9787234042553192,0.9347826086956522,equilibrium
113,13,46.0,43,27.0,0.9787234042553192,0.9347826086956522,0.627906976744186,extinguished
113,14,43.0,27,32.0,0.9347826086956522,0.627906976744186,1.1851851851851851,extinguished
113,15,27.0,32,50.0,0.627906976744186,1.1851851851851851,1.5625,supercritical
113,16,32.0,50,55.0,1.1851851851851851,1.5625,1.1,supercritical
113,17,50.0,55,57.0,1.5625,1.1,1.0363636363636364,supercritical
113,18,55.0,57,40.0,1.1,1.0363636363636364,0.7017543859649122,equilibrium
113,19,57.0,40,-1.0,1.0363636363636364,0.7017543859649122,-1.0,extinguished
114,0,-1.0,2,2.0,-1.0,-1.0,1.0,initial
114,1,2.0,2,2.0,-1.0,1.0,1.0,equilibrium
114,2,2.0,2,5.0,1.0,1.0,2.5,equilibrium
114,3,2.0,5,7.0,1.0,2.5,1.4,supercritical
114,4,5.0,7,10.0,2.5,1.4,1.4285714285714286,supercritical
114,5,7.0,10,20.0,1.4,1.4285714285714286,2.0,supercritical
114,6,10.0,20,42.0,1.4285714285714286,2.0,2.1,supercritical
114,7,20.0,42,57.0,2.0,2.1,1.3571428571428572,supercritical
114,8,42.0,57,64.0,2.1,1.3571428571428572,1.1228070175438596,supercritical
114,9,57.0,64,48.0,1.3571428571428572,1.1228070175438596,0.75,supercritical
114,10,64.0,48,59.0,1.1228070175438596,0.75,1.2291666666666667,extinguished
114,11,48.0,59,40.0,0.75,1.2291666666666667,0.6779661016949152,supercritical
114,12,59.0,40,50.0,1.2291666666666667,0.6779661016949152,1.25,extinguished
114,13,40.0,50,79.0,0.6779661016949152,1.25,1.58,supercritical
114,14,50.0,79,44.0,1.25,1.58,0.5569620253164557,supercritical
114,15,79.0,44,53.0,1.58,0.5569620253164557,1.2045454545454546,extinguished
114,16,44.0,53,32.0,0.5569620253164557,1.2045454545454546,0.6037735849056604,supercritical
114,17,53.0,32,34.0,1.2045454545454546,0.6037735849056604,1.0625,extinguished
114,18,32.0,34,58.0,0.6037735849056604,1.0625,1.7058823529411764,supercritical
114,19,34.0,58,-1.0,1.0625,1.7058823529411764,-1.0,supercritical
115,0,-1.0,4,4.0,-1.0,-1.0,1.0,initial
115,1,4.0,4,11.0,-1.0,1.0,2.75,equilibrium
115,2,4.0,11,13.0,1.0,2.75,1.181818181818182,supercritical
115,3,11.0,13,19.0,2.75,1.181818181818182,1.4615384615384617,supercritical
115,4,13.0,19,32.0,1.181818181818182,1.4615384615384617,1.6842105263157894,supercritical
115,5,19.0,32,39.0,1.4615384615384617,1.6842105263157894,1.21875,supercritical
115,6,32.0,39,27.0,1.6842105263157894,1.21875,0.6923076923076923,supercritical
115,7,39.0,27,37.0,1.21875,0.6923076923076923,1.3703703703703705,extinguished
115,8,27.0,37,45.0,0.6923076923076923,1.3703703703703705,1.2162162162162162,supercritical
115,9,37.0,45,41.0,1.3703703703703705,1.2162162162162162,0.9111111111111112,supercritical
115,10,45.0,41,47.0,1.2162162162162162,0.9111111111111112,1.146341463414634,extinguished
115,11,41.0,47,61.0,0.9111111111111112,1.146341463414634,1.297872340425532,supercritical
115,12,47.0,61,34.0,1.146341463414634,1.297872340425532,0.5573770491803278,supercritical
115,13,61.0,34,47.0,1.297872340425532,0.5573770491803278,1.3823529411764706,extinguished
115,14,34.0,47,55.0,0.5573770491803278,1.3823529411764706,1.1702127659574468,supercritical
115,15,47.0,55,57.0,1.3823529411764706,1.1702127659574468,1.0363636363636364,supercritical
115,16,55.0,57,50.0,1.1702127659574468,1.0363636363636364,0.8771929824561403,equilibrium
115,17,57.0,50,50.0,1.0363636363636364,0.8771929824561403,1.0,extinguished
115,18,50.0,50,52.0,0.8771929824561403,1.0,1.04,equilibrium
115,19,50.0,52,-1.0,1.0,1.04,-1.0,equilibrium
116,0,-1.0,3,6.0,-1.0,-1.0,2.0,initial
116,1,3.0,6,11.0,-1.0,2.0,1.8333333333333333,supercritical
116,2,6.0,11,22.0,2.0,1.8333333333333333,2.0,supercritical
116,3,11.0,22,27.0,1.8333333333333333,2.0,1.2272727272727273,supercritical
116,4,22.0,27,41.0,2.0,1.2272727272727273,1.5185185185185186,supercritical
116,5,27.0,41,40.0,1.2272727272727273,1.5185185185185186,0.975609756097561,supercritical
116,6,41.0,40,50.0,1.5185185185185186,0.975609756097561,1.25,equilibrium
116,7,40.0,50,59.0,0.975609756097561,1.25,1.18,supercritical
116,8,50.0,59,36.0,1.25,1.18,0.6101694915254238,supercritical
116,9,59.0,36,31.0,1.18,0.6101694915254238,0.8611111111111112,extinguished
116,10,36.0,31,46.0,0.6101694915254238,0.8611111111111112,1.4838709677419355,extinguished
116,11,31.0,46,38.0,0.8611111111111112,1.4838709677419355,0.8260869565217391,supercritical
116,12,46.0,38,31.0,1.4838709677419355,0.8260869565217391,0.8157894736842105,extinguished
116,13,38.0,31,33.0,0.8260869565217391,0.8157894736842105,1.064516129032258,extinguished
116,14,31.0,33,46.0,0.8157894736842105,1.064516129032258,1.393939393939394,supercritical
116,15,33.0,46,45.0,1.064516129032258,1.393939393939394,0.9782608695652174,supercritical
116,16,46.0,45,33.0,1.393939393939394,0.9782608695652174,0.7333333333333333,equilibrium
116,17,45.0,33,44.0,0.9782608695652174,0.7333333333333333,1.3333333333333333,extinguished
116,18,33.0,44,51.0,0.7333333333333333,1.3333333333333333,1.1590909090909092,supercritical
116,19,44.0,51,-1.0,1.3333333333333333,1.1590909090909092,-1.0,supercritical
117,0,-1.0,4,7.0,-1.0,-1.0,1.75,initial
117,1,4.0,7,15.0,-1.0,1.75,2.142857142857143,supercritical
117,2,7.0,15,27.0,1.75,2.142857142857143,1.8,supercritical
117,3,15.0,27,27.0,2.142857142857143,1.8,1.0,supercritical
117,4,27.0,27,33.0,1.8,1.0,1.2222222222222223,equilibrium
117,5,27.0,33,34.0,1.0,1.2222222222222223,1.0303030303030305,supercritical
117,6,33.0,34,49.0,1.2222222222222223,1.0303030303030305,1.4411764705882353,equilibrium
117,7,34.0,49,43.0,1.0303030303030305,1.4411764705882353,0.8775510204081632,supercritical
117,8,49.0,43,42.0,1.4411764705882353,0.8775510204081632,0.9767441860465116,extinguished
117,9,43.0,42,45.0,0.8775510204081632,0.9767441860465116,1.0714285714285714,equilibrium
117,10,42.0,45,39.0,0.9767441860465116,1.0714285714285714,0.8666666666666667,supercritical
117,11,45.0,39,38.0,1.0714285714285714,0.8666666666666667,0.9743589743589745,extinguished
117,12,39.0,38,42.0,0.8666666666666667,0.9743589743589745,1.105263157894737,equilibrium
117,13,38.0,42,39.0,0.9743589743589745,1.105263157894737,0.9285714285714286,supercritical
117,14,42.0,39,36.0,1.105263157894737,0.9285714285714286,0.9230769230769232,extinguished
117,15,39.0,36,48.0,0.9285714285714286,0.9230769230769232,1.3333333333333333,extinguished
117,16,36.0,48,46.0,0.9230769230769232,1.3333333333333333,0.9583333333333334,supercritical
117,17,48.0,46,55.0,1.3333333333333333,0.9583333333333334,1.1956521739130437,equilibrium
117,18,46.0,55,42.0,0.9583333333333334,1.1956521739130437,0.7636363636363637,supercritical
117,19,55.0,42,-1.0,1.1956521739130437,0.7636363636363637,-1.0,extinguished
118,0,-1.0,4,3.0,-1.0,-1.0,0.75,initial
118,1,4.0,3,3.0,-1.0,0.75,1.0,extinguished
118,2,3.0,3,5.0,0.75,1.0,1.6666666666666667,equilibrium
118,3,3.0,5,6.0,1.0,1.6666666666666667,1.2,supercritical
118,4,5.0,6,10.0,1.6666666666666667,1.2,1.6666666666666667,supercritical
118,5,6.0,10,16.0,1.2,1.6666666666666667,1.6,supercritical
118,6,10.0,16,24.0,1.6666666666666667,1.6,1.5,supercritical
118,7,16.0,24,29.0,1.6,1.5,1.2083333333333333,supercritical
118,8,24.0,29,44.0,1.5,1.2083333333333333,1.5172413793103448,supercritical
118,9,29.0,44,29.0,1.2083333333333333,1.5172413793103448,0.6590909090909091,supercritical
118,10,44.0,29,40.0,1.5172413793103448,0.6590909090909091,1.3793103448275863,extinguished
118,11,29.0,40,36.0,0.6590909090909091,1.3793103448275863,0.9,supercritical
118,12,40.0,36,27.0,1.3793103448275863,0.9,0.75,extinguished
118,13,36.0,27,45.0,0.9,0.75,1.6666666666666667,extinguished
118,14,27.0,45,45.0,0.75,1.6666666666666667,1.0,supercritical
118,15,45.0,45,45.0,1.6666666666666667,1.0,1.0,equilibrium
118,16,45.0,45,57.0,1.0,1.0,1.2666666666666666,equilibrium
118,17,45.0,57,52.0,1.0,1.2666666666666666,0.912280701754386,supercritical
118,18,57.0,52,31.0,1.2666666666666666,0.912280701754386,0.5961538461538461,extinguished
118,19,52.0,31,-1.0,0.912280701754386,0.5961538461538461,-1.0,extinguished
119,0,-1.0,1,1.0,-1.0,-1.0,1.0,initial
119,1,1.0,1,1.0,-1.0,1.0,1.0,equilibrium
119,2,1.0,1,0.0,1.0,1.0,0.0,equilibrium
119,3,1.0,0,0.0,1.0,0.0,0.0,extinguished
119,4,0.0,0,0.0,0.0,0.0,0.0,extinguished
119,5,0.0,0,0.0,0.0,0.0,0.0,extinguished
119,6,0.0,0,0.0,0.0,0.0,0.0,extinguished
119,7,0.0,0,0.0,0.0,0.0,0.0,extinguished
119,8,0.0,0,0.0,0.0,0.0,0.0,extinguished
119,9,0.0,0,0.0,0.0,0.0,0.0,extinguished
119,10,0.0,0,0.0,0.0,0.0,0.0,extinguished
119,11,0.0,0,0.0,0.0,0.0,0.0,extinguished
119,12,0.0,0,0.0,0.0,0.0,0.0,extinguished
119,13,0.0,0,0.0,0.0,0.0,0.0,extinguished
119,14,0.0,0,0.0,0.0,0.0,0.0,extinguished
119,15,0.0,0,0.0,0.0,0.0,0.0,extinguished
119,16,0.0,0,0.0,0.0,0.0,0.0,extinguished
119,17,0.0,0,0.0,0.0,0.0,0.0,extinguished
119,18,0.0,0,0.0,0.0,0.0,0.0,extinguished
119,19,0.0,0,-1.0,0.0,0.0,-1.0,extinguished
120,0,-1.0,5,7.0,-1.0,-1.0,1.4,initial
120,1,5.0,7,15.0,-1.0,1.4,2.142857142857143,supercritical
120,2,7.0,15,19.0,1.4,2.142857142857143,1.2666666666666666,supercritical
120,3,15.0,19,31.0,2.142857142857143,1.2666666666666666,1.631578947368421,supercritical
120,4,19.0,31,35.0,1.2666666666666666,1.631578947368421,1.1290322580645162,supercritical
120,5,31.0,35,54.0,1.631578947368421,1.1290322580645162,1.542857142857143,supercritical
120,6,35.0,54,44.0,1.1290322580645162,1.542857142857143,0.8148148148148148,supercritical
120,7,54.0,44,49.0,1.542857142857143,0.8148148148148148,1.1136363636363635,extinguished
120,8,44.0,49,84.0,0.8148148148148148,1.1136363636363635,1.7142857142857142,supercritical
120,9,49.0,84,25.0,1.1136363636363635,1.7142857142857142,0.2976190476190476,supercritical
120,10,84.0,25,45.0,1.7142857142857142,0.2976190476190476,1.8,extinguished
120,11,25.0,45,33.0,0.2976190476190476,1.8,0.7333333333333333,supercritical
120,12,45.0,33,40.0,1.8,0.7333333333333333,1.2121212121212122,extinguished
120,13,33.0,40,61.0,0.7333333333333333,1.2121212121212122,1.525,supercritical
120,14,40.0,61,43.0,1.2121212121212122,1.525,0.7049180327868853,supercritical
120,15,61.0,43,39.0,1.525,0.7049180327868853,0.9069767441860463,extinguished
120,16,43.0,39,46.0,0.7049180327868853,0.9069767441860463,1.1794871794871795,extinguished
120,17,39.0,46,54.0,0.9069767441860463,1.1794871794871795,1.173913043478261,supercritical
120,18,46.0,54,54.0,1.1794871794871795,1.173913043478261,1.0,supercritical
120,19,54.0,54,-1.0,1.173913043478261,1.0,-1.0,equilibrium
121,0,-1.0,3,6.0,-1.0,-1.0,2.0,initial
121,1,3.0,6,9.0,-1.0,2.0,1.5,supercritical
121,2,6.0,9,16.0,2.0,1.5,1.7777777777777777,supercritical
121,3,9.0,16,26.0,1.5,1.7777777777777777,1.625,supercritical
121,4,16.0,26,46.0,1.7777777777777777,1.625,1.7692307692307692,supercritical
121,5,26.0,46,55.0,1.625,1.7692307692307692,1.1956521739130437,supercritical
121,6,46.0,55,47.0,1.7692307692307692,1.1956521739130437,0.8545454545454545,supercritical
121,7,55.0,47,64.0,1.1956521739130437,0.8545454545454545,1.3617021276595744,extinguished
121,8,47.0,64,54.0,0.8545454545454545,1.3617021276595744,0.84375,supercritical
121,9,64.0,54,53.0,1.3617021276595744,0.84375,0.9814814814814816,extinguished
121,10,54.0,53,42.0,0.84375,0.9814814814814816,0.7924528301886793,equilibrium
121,11,53.0,42,58.0,0.9814814814814816,0.7924528301886793,1.380952380952381,extinguished
121,12,42.0,58,47.0,0.7924528301886793,1.380952380952381,0.8103448275862069,supercritical
121,13,58.0,47,58.0,1.380952380952381,0.8103448275862069,1.2340425531914894,extinguished
121,14,47.0,58,58.0,0.8103448275862069,1.2340425531914894,1.0,supercritical
121,15,58.0,58,42.0,1.2340425531914894,1.0,0.7241379310344828,equilibrium
121,16,58.0,42,53.0,1.0,0.7241379310344828,1.261904761904762,extinguished
121,17,42.0,53,58.0,0.7241379310344828,1.261904761904762,1.0943396226415094,supercritical
121,18,53.0,58,48.0,1.261904761904762,1.0943396226415094,0.8275862068965517,supercritical
121,19,58.0,48,-1.0,1.0943396226415094,0.8275862068965517,-1.0,extinguished
122,0,-1.0,1,1.0,-1.0,-1.0,1.0,initial
122,1,1.0,1,0.0,-1.0,1.0,0.0,equilibrium
122,2,1.0,0,0.0,1.0,0.0,0.0,extinguished
122,3,0.0,0,0.0,0.0,0.0,0.0,extinguished
122,4,0.0,0,0.0,0.0,0.0,0.0,extinguished
122,5,0.0,0,0.0,0.0,0.0,0.0,extinguished
122,6,0.0,0,0.0,0.0,0.0,0.0,extinguished
122,7,0.0,0,0.0,0.0,0.0,0.0,extinguished
122,8,0.0,0,0.0,0.0,0.0,0.0,extinguished
122,9,0.0,0,0.0,0.0,0.0,0.0,extinguished
122,10,0.0,0,0.0,0.0,0.0,0.0,extinguished
122,11,0.0,0,0.0,0.0,0.0,0.0,extinguished
122,12,0.0,0,0.0,0.0,0.0,0.0,extinguished
122,13,0.0,0,0.0,0.0,0.0,0.0,extinguished
122,14,0.0,0,0.0,0.0,0.0,0.0,extinguished
122,15,0.0,0,0.0,0.0,0.0,0.0,extinguished
122,16,0.0,0,0.0,0.0,0.0,0.0,extinguished
122,17,0.0,0,0.0,0.0,0.0,0.0,extinguished
122,18,0.0,0,0.0,0.0,0.0,0.0,extinguished
122,19,0.0,0,-1.0,0.0,0.0,-1.0,extinguished
123,0,-1.0,5,9.0,-1.0,-1.0,1.8,initial
123,1,5.0,9,17.0,-1.0,1.8,1.8888888888888888,supercritical
123,2,9.0,17,25.0,1.8,1.8888888888888888,1.4705882352941178,supercritical
123,3,17.0,25,41.0,1.8888888888888888,1.4705882352941178,1.64,supercritical
123,4,25.0,41,53.0,1.4705882352941178,1.64,1.2926829268292683,supercritical
123,5,41.0,53,49.0,1.64,1.2926829268292683,0.9245283018867924,supercritical
123,6,53.0,49,56.0,1.2926829268292683,0.9245283018867924,1.1428571428571428,extinguished
123,7,49.0,56,40.0,0.9245283018867924,1.1428571428571428,0.7142857142857143,supercritical
123,8,56.0,40,48.0,1.1428571428571428,0.7142857142857143,1.2,extinguished
123,9,40.0,48,47.0,0.7142857142857143,1.2,0.9791666666666666,supercritical
123,10,48.0,47,55.0,1.2,0.9791666666666666,1.1702127659574468,equilibrium
123,11,47.0,55,72.0,0.9791666666666666,1.1702127659574468,1.309090909090909,supercritical
123,12,55.0,72,61.0,1.1702127659574468,1.309090909090909,0.8472222222222222,supercritical
123,13,72.0,61,38.0,1.309090909090909,0.8472222222222222,0.6229508196721312,extinguished
123,14,61.0,38,50.0,0.8472222222222222,0.6229508196721312,1.3157894736842106,extinguished
123,15,38.0,50,31.0,0.6229508196721312,1.3157894736842106,0.62,supercritical
123,16,50.0,31,41.0,1.3157894736842106,0.62,1.3225806451612905,extinguished
123,17,31.0,41,33.0,0.62,1.3225806451612905,0.8048780487804879,supercritical
123,18,41.0,33,43.0,1.3225806451612905,0.8048780487804879,1.303030303030303,extinguished
123,19,33.0,43,-1.0,0.8048780487804879,1.303030303030303,-1.0,supercritical
124,0,-1.0,4,8.0,-1.0,-1.0,2.0,initial
124,1,4.0,8,15.0,-1.0,2.0,1.875,supercritical
124,2,8.0,15,19.0,2.0,1.875,1.2666666666666666,supercritical
124,3,15.0,19,20.0,1.875,1.2666666666666666,1.0526315789473684,supercritical
124,4,19.0,20,26.0,1.2666666666666666,1.0526315789473684,1.3,supercritical
124,5,20.0,26,31.0,1.0526315789473684,1.3,1.1923076923076923,supercritical
124,6,26.0,31,30.0,1.3,1.1923076923076923,0.967741935483871,supercritical
124,7,31.0,30,41.0,1.1923076923076923,0.967741935483871,1.3666666666666667,equilibrium
124,8,30.0,41,40.0,0.967741935483871,1.3666666666666667,0.975609756097561,supercritical
124,9,41.0,40,46.0,1.3666666666666667,0.975609756097561,1.15,equilibrium
124,10,40.0,46,36.0,0.975609756097561,1.15,0.782608695652174,supercritical
124,11,46.0,36,29.0,1.15,0.782608695652174,0.8055555555555556,extinguished
124,12,36.0,29,21.0,0.782608695652174,0.8055555555555556,0.7241379310344828,extinguished
124,13,29.0,21,29.0,0.8055555555555556,0.7241379310344828,1.380952380952381,extinguished
124,14,21.0,29,39.0,0.7241379310344828,1.380952380952381,1.3448275862068966,supercritical
124,15,29.0,39,57.0,1.380952380952381,1.3448275862068966,1.4615384615384617,supercritical
124,16,39.0,57,53.0,1.3448275862068966,1.4615384615384617,0.9298245614035088,supercritical
124,17,57.0,53,42.0,1.4615384615384617,0.9298245614035088,0.7924528301886793,extinguished
124,18,53.0,42,41.0,0.9298245614035088,0.7924528301886793,0.9761904761904762,extinguished
124,19,42.0,41,-1.0,0.7924528301886793,0.9761904761904762,-1.0,equilibrium
125,0,-1.0,1,2.0,-1.0,-1.0,2.0,initial
125,1,1.0,2,4.0,-1.0,2.0,2.0,supercritical
125,2,2.0,4,7.0,2.0,2.0,1.75,supercritical
125,3,4.0,7,8.0,2.0,1.75,1.1428571428571428,supercritical
125,4,7.0,8,24.0,1.75,1.1428571428571428,3.0,supercritical
125,5,8.0,24,42.0,1.1428571428571428,3.0,1.75,supercritical
125,6,24.0,42,38.0,3.0,1.75,0.9047619047619048,supercritical
125,7,42.0,38,46.0,1.75,0.9047619047619048,1.2105263157894737,extinguished
125,8,38.0,46,61.0,0.9047619047619048,1.2105263157894737,1.326086956521739,supercritical
125,9,46.0,61,65.0,1.2105263157894737,1.326086956521739,1.0655737704918034,supercritical
125,10,61.0,65,42.0,1.326086956521739,1.0655737704918034,0.6461538461538462,supercritical
125,11,65.0,42,51.0,1.0655737704918034,0.6461538461538462,1.2142857142857142,extinguished
125,12,42.0,51,60.0,0.6461538461538462,1.2142857142857142,1.1764705882352942,supercritical
125,13,51.0,60,46.0,1.2142857142857142,1.1764705882352942,0.7666666666666667,supercritical
125,14,60.0,46,43.0,1.1764705882352942,0.7666666666666667,0.9347826086956522,extinguished
125,15,46.0,43,64.0,0.7666666666666667,0.9347826086956522,1.4883720930232558,extinguished
125,16,43.0,64,56.0,0.9347826086956522,1.4883720930232558,0.875,supercritical
125,17,64.0,56,40.0,1.4883720930232558,0.875,0.7142857142857143,extinguished
125,18,56.0,40,59.0,0.875,0.7142857142857143,1.475,extinguished
125,19,40.0,59,-1.0,0.7142857142857143,1.475,-1.0,supercritical
126,0,-1.0,5,12.0,-1.0,-1.0,2.4,initial
126,1,5.0,12,25.0,-1.0,2.4,2.083333333333333,supercritical
126,2,12.0,25,22.0,2.4,2.083333333333333,0.88,supercritical
126,3,25.0,22,28.0,2.083333333333333,0.88,1.2727272727272727,extinguished
126,4,22.0,28,37.0,0.88,1.2727272727272727,1.3214285714285714,supercritical
126,5,28.0,37,37.0,1.2727272727272727,1.3214285714285714,1.0,supercritical
126,6,37.0,37,45.0,1.3214285714285714,1.0,1.2162162162162162,equilibrium
126,7,37.0,45,36.0,1.0,1.2162162162162162,0.8,supercritical
126,8,45.0,36,31.0,1.2162162162162162,0.8,0.8611111111111112,extinguished
126,9,36.0,31,48.0,0.8,0.8611111111111112,1.5483870967741935,extinguished
126,10,31.0,48,43.0,0.8611111111111112,1.5483870967741935,0.8958333333333334,supercritical
126,11,48.0,43,38.0,1.5483870967741935,0.8958333333333334,0.8837209302325582,extinguished
126,12,43.0,38,38.0,0.8958333333333334,0.8837209302325582,1.0,extinguished
126,13,38.0,38,48.0,0.8837209302325582,1.0,1.263157894736842,equilibrium
126,14,38.0,48,48.0,1.0,1.263157894736842,1.0,supercritical
126,15,48.0,48,41.0,1.263157894736842,1.0,0.8541666666666666,equilibrium
126,16,48.0,41,32.0,1.0,0.8541666666666666,0.7804878048780488,extinguished
126,17,41.0,32,27.0,0.8541666666666666,0.7804878048780488,0.84375,extinguished
126,18,32.0,27,41.0,0.7804878048780488,0.84375,1.5185185185185186,extinguished
126,19,27.0,41,-1.0,0.84375,1.5185185185185186,-1.0,supercritical
127,0,-1.0,1,1.0,-1.0,-1.0,1.0,initial
127,1,1.0,1,0.0,-1.0,1.0,0.0,equilibrium
127,2,1.0,0,0.0,1.0,0.0,0.0,extinguished
127,3,0.0,0,0.0,0.0,0.0,0.0,extinguished
127,4,0.0,0,0.0,0.0,0.0,0.0,extinguished
127,5,0.0,0,0.0,0.0,0.0,0.0,extinguished
127,6,0.0,0,0.0,0.0,0.0,0.0,extinguished
127,7,0.0,0,0.0,0.0,0.0,0.0,extinguished
127,8,0.0,0,0.0,0.0,0.0,0.0,extinguished
127,9,0.0,0,0.0,0.0,0.0,0.0,extinguished
127,10,0.0,0,0.0,0.0,0.0,0.0,extinguished
127,11,0.0,0,0.0,0.0,0.0,0.0,extinguished
127,12,0.0,0,0.0,0.0,0.0,0.0,extinguished
127,13,0.0,0,0.0,0.0,0.0,0.0,extinguished
127,14,0.0,0,0.0,0.0,0.0,0.0,extinguished
127,15,0.0,0,0.0,0.0,0.0,0.0,extinguished
127,16,0.0,0,0.0,0.0,0.0,0.0,extinguished
127,17,0.0,0,0.0,0.0,0.0,0.0,extinguished
127,18,0.0,0,0.0,0.0,0.0,0.0,extinguished
127,19,0.0,0,-1.0,0.0,0.0,-1.0,extinguished
128,0,-1.0,5,15.0,-1.0,-1.0,3.0,initial
128,1,5.0,15,30.0,-1.0,3.0,2.0,supercritical
128,2,15.0,30,43.0,3.0,2.0,1.4333333333333331,supercritical
128,3,30.0,43,40.0,2.0,1.4333333333333331,0.9302325581395348,supercritical
128,4,43.0,40,43.0,1.4333333333333331,0.9302325581395348,1.075,extinguished
128,5,40.0,43,51.0,0.9302325581395348,1.075,1.186046511627907,supercritical
128,6,43.0,51,73.0,1.075,1.186046511627907,1.431372549019608,supercritical
128,7,51.0,73,28.0,1.186046511627907,1.431372549019608,0.3835616438356164,supercritical
128,8,73.0,28,48.0,1.431372549019608,0.3835616438356164,1.7142857142857142,extinguished
128,9,28.0,48,61.0,0.3835616438356164,1.7142857142857142,1.2708333333333333,supercritical
128,10,48.0,61,69.0,1.7142857142857142,1.2708333333333333,1.1311475409836065,supercritical
128,11,61.0,69,59.0,1.2708333333333333,1.1311475409836065,0.855072463768116,supercritical
128,12,69.0,59,67.0,1.1311475409836065,0.855072463768116,1.1355932203389831,extinguished
128,13,59.0,67,48.0,0.855072463768116,1.1355932203389831,0.7164179104477612,supercritical
128,14,67.0,48,50.0,1.1355932203389831,0.7164179104477612,1.0416666666666667,extinguished
128,15,48.0,50,63.0,0.7164179104477612,1.0416666666666667,1.26,equilibrium
128,16,50.0,63,73.0,1.0416666666666667,1.26,1.1587301587301588,supercritical
128,17,63.0,73,47.0,1.26,1.1587301587301588,0.6438356164383562,supercritical
128,18,73.0,47,63.0,1.1587301587301588,0.6438356164383562,1.3404255319148937,extinguished
128,19,47.0,63,-1.0,0.6438356164383562,1.3404255319148937,-1.0,supercritical
129,0,-1.0,4,3.0,-1.0,-1.0,0.75,initial
129,1,4.0,3,4.0,-1.0,0.75,1.3333333333333333,extinguished
129,2,3.0,4,8.0,0.75,1.3333333333333333,2.0,supercritical
129,3,4.0,8,11.0,1.3333333333333333,2.0,1.375,supercritical
129,4,8.0,11,22.0,2.0,1.375,2.0,supercritical
129,5,11.0,22,40.0,1.375,2.0,1.818181818181818,supercritical
129,6,22.0,40,42.0,2.0,1.818181818181818,1.05,supercritical
129,7,40.0,42,65.0,1.818181818181818,1.05,1.5476190476190477,equilibrium
129,8,42.0,65,37.0,1.05,1.5476190476190477,0.5692307692307692,supercritical
129,9,65.0,37,49.0,1.5476190476190477,0.5692307692307692,1.3243243243243243,extinguished
129,10,37.0,49,58.0,0.5692307692307692,1.3243243243243243,1.183673469387755,supercritical
129,11,49.0,58,41.0,1.3243243243243243,1.183673469387755,0.7068965517241379,supercritical
129,12,58.0,41,33.0,1.183673469387755,0.7068965517241379,0.8048780487804879,extinguished
129,13,41.0,33,43.0,0.7068965517241379,0.8048780487804879,1.303030303030303,extinguished
129,14,33.0,43,44.0,0.8048780487804879,1.303030303030303,1.0232558139534884,supercritical
129,15,43.0,44,64.0,1.303030303030303,1.0232558139534884,1.4545454545454546,equilibrium
129,16,44.0,64,49.0,1.0232558139534884,1.4545454545454546,0.765625,supercritical
129,17,64.0,49,65.0,1.4545454545454546,0.765625,1.326530612244898,extinguished
129,18,49.0,65,41.0,0.765625,1.326530612244898,0.6307692307692307,supercritical
129,19,65.0,41,-1.0,1.326530612244898,0.6307692307692307,-1.0,extinguished
130,0,-1.0,2,1.0,-1.0,-1.0,0.5,initial
130,1,2.0,1,3.0,-1.0,0.5,3.0,extinguished
130,2,1.0,3,1.0,0.5,3.0,0.3333333333333333,supercritical
130,3,3.0,1,2.0,3.0,0.3333333333333333,2.0,extinguished
130,4,1.0,2,0.0,0.3333333333333333,2.0,0.0,supercritical
130,5,2.0,0,0.0,2.0,0.0,0.0,extinguished
130,6,0.0,0,0.0,0.0,0.0,0.0,extinguished
130,7,0.0,0,0.0,0.0,0.0,0.0,extinguished
130,8,0.0,0,0.0,0.0,0.0,0.0,extinguished
130,9,0.0,0,0.0,0.0,0.0,0.0,extinguished
130,10,0.0,0,0.0,0.0,0.0,0.0,extinguished
130,11,0.0,0,0.0,0.0,0.0,0.0,extinguished
130,12,0.0,0,0.0,0.0,0.0,0.0,extinguished
130,13,0.0,0,0.0,0.0,0.0,0.0,extinguished
130,14,0.0,0,0.0,0.0,0.0,0.0,extinguished
130,15,0.0,0,0.0,0.0,0.0,0.0,extinguished
130,16,0.0,0,0.0,0.0,0.0,0.0,extinguished
130,17,0.0,0,0.0,0.0,0.0,0.0,extinguished
130,18,0.0,0,0.0,0.0,0.0,0.0,extinguished
130,19,0.0,0,-1.0,0.0,0.0,-1.0,extinguished
131,0,-1.0,4,4.0,-1.0,-1.0,1.0,initial
131,1,4.0,4,4.0,-1.0,1.0,1.0,equilibrium
131,2,4.0,4,7.0,1.0,1.0,1.75,equilibrium
131,3,4.0,7,13.0,1.0,1.75,1.8571428571428568,supercritical
131,4,7.0,13,37.0,1.75,1.8571428571428568,2.8461538461538463,supercritical
131,5,13.0,37,40.0,1.8571428571428568,2.8461538461538463,1.0810810810810811,supercritical
131,6,37.0,40,34.0,2.8461538461538463,1.0810810810810811,0.85,supercritical
131,7,40.0,34,40.0,1.0810810810810811,0.85,1.1764705882352942,extinguished
131,8,34.0,40,49.0,0.85,1.1764705882352942,1.225,supercritical
131,9,40.0,49,41.0,1.1764705882352942,1.225,0.8367346938775511,supercritical
131,10,49.0,41,55.0,1.225,0.8367346938775511,1.3414634146341464,extinguished
131,11,41.0,55,39.0,0.8367346938775511,1.3414634146341464,0.7090909090909091,supercritical
131,12,55.0,39,38.0,1.3414634146341464,0.7090909090909091,0.9743589743589745,extinguished
131,13,39.0,38,36.0,0.7090909090909091,0.9743589743589745,0.9473684210526316,equilibrium
131,14,38.0,36,40.0,0.9743589743589745,0.9473684210526316,1.1111111111111112,extinguished
131,15,36.0,40,40.0,0.9473684210526316,1.1111111111111112,1.0,supercritical
131,16,40.0,40,43.0,1.1111111111111112,1.0,1.075,equilibrium
131,17,40.0,43,30.0,1.0,1.075,0.6976744186046512,supercritical
131,18,43.0,30,51.0,1.075,0.6976744186046512,1.7,extinguished
131,19,30.0,51,-1.0,0.6976744186046512,1.7,-1.0,supercritical
132,0,-1.0,4,4.0,-1.0,-1.0,1.0,initial
132,1,4.0,4,7.0,-1.0,1.0,1.75,equilibrium
132,2,4.0,7,11.0,1.0,1.75,1.5714285714285714,supercritical
132,3,7.0,11,13.0,1.75,1.5714285714285714,1.181818181818182,supercritical
132,4,11.0,13,24.0,1.5714285714285714,1.181818181818182,1.8461538461538465,supercritical
132,5,13.0,24,37.0,1.181818181818182,1.8461538461538465,1.5416666666666667,supercritical
132,6,24.0,37,45.0,1.8461538461538465,1.5416666666666667,1.2162162162162162,supercritical
132,7,37.0,45,54.0,1.5416666666666667,1.2162162162162162,1.2,supercritical
132,8,45.0,54,59.0,1.2162162162162162,1.2,1.0925925925925926,supercritical
132,9,54.0,59,66.0,1.2,1.0925925925925926,1.11864406779661,supercritical
132,10,59.0,66,32.0,1.0925925925925926,1.11864406779661,0.4848484848484848,supercritical
132,11,66.0,32,34.0,1.11864406779661,0.4848484848484848,1.0625,extinguished
132,12,32.0,34,45.0,0.4848484848484848,1.0625,1.3235294117647058,supercritical
132,13,34.0,45,59.0,1.0625,1.3235294117647058,1.3111111111111111,supercritical
132,14,45.0,59,34.0,1.3235294117647058,1.3111111111111111,0.576271186440678,supercritical
132,15,59.0,34,58.0,1.3111111111111111,0.576271186440678,1.7058823529411764,extinguished
132,16,34.0,58,56.0,0.576271186440678,1.7058823529411764,0.9655172413793104,supercritical
132,17,58.0,56,55.0,1.7058823529411764,0.9655172413793104,0.9821428571428572,equilibrium
132,18,56.0,55,49.0,0.9655172413793104,0.9821428571428572,0.8909090909090909,equilibrium
132,19,55.0,49,-1.0,0.9821428571428572,0.8909090909090909,-1.0,extinguished
133,0,-1.0,2,5.0,-1.0,-1.0,2.5,initial
133,1,2.0,5,13.0,-1.0,2.5,2.6,supercritical
133,2,5.0,13,21.0,2.5,2.6,1.6153846153846154,supercritical
133,3,13.0,21,41.0,2.6,1.6153846153846154,1.9523809523809523,supercritical
133,4,21.0,41,37.0,1.6153846153846154,1.9523809523809523,0.902439024390244,supercritical
133,5,41.0,37,55.0,1.9523809523809523,0.902439024390244,1.4864864864864864,extinguished
133,6,37.0,55,38.0,0.902439024390244,1.4864864864864864,0.6909090909090909,supercritical
133,7,55.0,38,45.0,1.4864864864864864,0.6909090909090909,1.1842105263157894,extinguished
133,8,38.0,45,49.0,0.6909090909090909,1.1842105263157894,1.0888888888888888,supercritical
133,9,45.0,49,44.0,1.1842105263157894,1.0888888888888888,0.8979591836734694,supercritical
133,10,49.0,44,56.0,1.0888888888888888,0.8979591836734694,1.2727272727272727,extinguished
133,11,44.0,56,37.0,0.8979591836734694,1.2727272727272727,0.6607142857142857,supercritical
133,12,56.0,37,37.0,1.2727272727272727,0.6607142857142857,1.0,extinguished
133,13,37.0,37,54.0,0.6607142857142857,1.0,1.4594594594594594,equilibrium
133,14,37.0,54,65.0,1.0,1.4594594594594594,1.2037037037037035,supercritical
133,15,54.0,65,55.0,1.4594594594594594,1.2037037037037035,0.8461538461538461,supercritical
133,16,65.0,55,44.0,1.2037037037037035,0.8461538461538461,0.8,extinguished
133,17,55.0,44,58.0,0.8461538461538461,0.8,1.318181818181818,extinguished
133,18,44.0,58,52.0,0.8,1.318181818181818,0.896551724137931,supercritical
133,19,58.0,52,-1.0,1.318181818181818,0.896551724137931,-1.0,extinguished
134,0,-1.0,1,2.0,-1.0,-1.0,2.0,initial
134,1,1.0,2,3.0,-1.0,2.0,1.5,supercritical
134,2,2.0,3,6.0,2.0,1.5,2.0,supercritical
134,3,3.0,6,8.0,1.5,2.0,1.3333333333333333,supercritical
134,4,6.0,8,15.0,2.0,1.3333333333333333,1.875,supercritical
134,5,8.0,15,29.0,1.3333333333333333,1.875,1.933333333333333,supercritical
134,6,15.0,29,29.0,1.875,1.933333333333333,1.0,supercritical
134,7,29.0,29,37.0,1.933333333333333,1.0,1.2758620689655171,equilibrium
134,8,29.0,37,30.0,1.0,1.2758620689655171,0.8108108108108109,supercritical
134,9,37.0,30,35.0,1.2758620689655171,0.8108108108108109,1.1666666666666667,extinguished
134,10,30.0,35,48.0,0.8108108108108109,1.1666666666666667,1.3714285714285714,supercritical
134,11,35.0,48,46.0,1.1666666666666667,1.3714285714285714,0.9583333333333334,supercritical
134,12,48.0,46,32.0,1.3714285714285714,0.9583333333333334,0.6956521739130435,equilibrium
134,13,46.0,32,29.0,0.9583333333333334,0.6956521739130435,0.90625,extinguished
134,14,32.0,29,34.0,0.6956521739130435,0.90625,1.1724137931034482,extinguished
134,15,29.0,34,31.0,0.90625,1.1724137931034482,0.9117647058823528,supercritical
134,16,34.0,31,51.0,1.1724137931034482,0.9117647058823528,1.6451612903225807,extinguished
134,17,31.0,51,28.0,0.9117647058823528,1.6451612903225807,0.5490196078431373,supercritical
134,18,51.0,28,34.0,1.6451612903225807,0.5490196078431373,1.2142857142857142,extinguished
134,19,28.0,34,-1.0,0.5490196078431373,1.2142857142857142,-1.0,supercritical
135,0,-1.0,2,3.0,-1.0,-1.0,1.5,initial
135,1,2.0,3,3.0,-1.0,1.5,1.0,supercritical
135,2,3.0,3,4.0,1.5,1.0,1.3333333333333333,equilibrium
135,3,3.0,4,5.0,1.0,1.3333333333333333,1.25,supercritical
135,4,4.0,5,4.0,1.3333333333333333,1.25,0.8,supercritical
135,5,5.0,4,7.0,1.25,0.8,1.75,extinguished
135,6,4.0,7,9.0,0.8,1.75,1.2857142857142858,supercritical
135,7,7.0,9,7.0,1.75,1.2857142857142858,0.7777777777777778,supercritical
135,8,9.0,7,9.0,1.2857142857142858,0.7777777777777778,1.2857142857142858,extinguished
135,9,7.0,9,12.0,0.7777777777777778,1.2857142857142858,1.3333333333333333,supercritical
135,10,9.0,12,32.0,1.2857142857142858,1.3333333333333333,2.6666666666666665,supercritical
135,11,12.0,32,48.0,1.3333333333333333,2.6666666666666665,1.5,supercritical
135,12,32.0,48,37.0,2.6666666666666665,1.5,0.7708333333333334,supercritical
135,13,48.0,37,25.0,1.5,0.7708333333333334,0.6756756756756757,extinguished
135,14,37.0,25,33.0,0.7708333333333334,0.6756756756756757,1.32,extinguished
135,15,25.0,33,45.0,0.6756756756756757,1.32,1.3636363636363635,supercritical
135,16,33.0,45,52.0,1.32,1.3636363636363635,1.1555555555555554,supercritical
135,17,45.0,52,52.0,1.3636363636363635,1.1555555555555554,1.0,supercritical
135,18,52.0,52,47.0,1.1555555555555554,1.0,0.903846153846154,equilibrium
135,19,52.0,47,-1.0,1.0,0.903846153846154,-1.0,extinguished
136,0,-1.0,5,8.0,-1.0,-1.0,1.6,initial
136,1,5.0,8,14.0,-1.0,1.6,1.75,supercritical
136,2,8.0,14,27.0,1.6,1.75,1.9285714285714288,supercritical
136,3,14.0,27,60.0,1.75,1.9285714285714288,2.2222222222222223,supercritical
136,4,27.0,60,50.0,1.9285714285714288,2.2222222222222223,0.8333333333333334,supercritical
136,5,60.0,50,43.0,2.2222222222222223,0.8333333333333334,0.86,extinguished
136,6,50.0,43,48.0,0.8333333333333334,0.86,1.1162790697674418,extinguished
136,7,43.0,48,49.0,0.86,1.1162790697674418,1.0208333333333333,supercritical
136,8,48.0,49,77.0,1.1162790697674418,1.0208333333333333,1.5714285714285714,equilibrium
136,9,49.0,77,31.0,1.0208333333333333,1.5714285714285714,0.4025974025974026,supercritical
136,10,77.0,31,54.0,1.5714285714285714,0.4025974025974026,1.7419354838709675,extinguished
136,11,31.0,54,58.0,0.4025974025974026,1.7419354838709675,1.0740740740740742,supercritical
136,12,54.0,58,58.0,1.7419354838709675,1.0740740740740742,1.0,supercritical
136,13,58.0,58,58.0,1.0740740740740742,1.0,1.0,equilibrium
136,14,58.0,58,62.0,1.0,1.0,1.0689655172413792,equilibrium
136,15,58.0,62,36.0,1.0,1.0689655172413792,0.5806451612903226,supercritical
136,16,62.0,36,57.0,1.0689655172413792,0.5806451612903226,1.5833333333333333,extinguished
136,17,36.0,57,70.0,0.5806451612903226,1.5833333333333333,1.2280701754385963,supercritical
136,18,57.0,70,38.0,1.5833333333333333,1.2280701754385963,0.5428571428571428,supercritical
136,19,70.0,38,-1.0,1.2280701754385963,0.5428571428571428,-1.0,extinguished
137,0,-1.0,2,7.0,-1.0,-1.0,3.5,initial
137,1,2.0,7,12.0,-1.0,3.5,1.7142857142857142,supercritical
137,2,7.0,12,24.0,3.5,1.7142857142857142,2.0,supercritical
137,3,12.0,24,38.0,1.7142857142857142,2.0,1.5833333333333333,supercritical
137,4,24.0,38,44.0,2.0,1.5833333333333333,1.1578947368421053,supercritical
137,5,38.0,44,54.0,1.5833333333333333,1.1578947368421053,1.2272727272727273,supercritical
137,6,44.0,54,42.0,1.1578947368421053,1.2272727272727273,0.7777777777777778,supercritical
137,7,54.0,42,59.0,1.2272727272727273,0.7777777777777778,1.4047619047619049,extinguished
137,8,42.0,59,46.0,0.7777777777777778,1.4047619047619049,0.7796610169491526,supercritical
137,9,59.0,46,72.0,1.4047619047619049,0.7796610169491526,1.565217391304348,extinguished
137,10,46.0,72,35.0,0.7796610169491526,1.565217391304348,0.4861111111111111,supercritical
137,11,72.0,35,59.0,1.565217391304348,0.4861111111111111,1.6857142857142855,extinguished
137,12,35.0,59,52.0,0.4861111111111111,1.6857142857142855,0.8813559322033898,supercritical
137,13,59.0,52,49.0,1.6857142857142855,0.8813559322033898,0.9423076923076924,extinguished
137,14,52.0,49,66.0,0.8813559322033898,0.9423076923076924,1.346938775510204,extinguished
137,15,49.0,66,76.0,0.9423076923076924,1.346938775510204,1.1515151515151516,supercritical
137,16,66.0,76,32.0,1.346938775510204,1.1515151515151516,0.4210526315789473,supercritical
137,17,76.0,32,43.0,1.1515151515151516,0.4210526315789473,1.34375,extinguished
137,18,32.0,43,65.0,0.4210526315789473,1.34375,1.5116279069767442,supercritical
137,19,43.0,65,-1.0,1.34375,1.5116279069767442,-1.0,supercritical
138,0,-1.0,1,1.0,-1.0,-1.0,1.0,initial
138,1,1.0,1,3.0,-1.0,1.0,3.0,equilibrium
138,2,1.0,3,7.0,1.0,3.0,2.333333333333333,supercritical
138,3,3.0,7,17.0,3.0,2.333333333333333,2.4285714285714284,supercritical
138,4,7.0,17,25.0,2.333333333333333,2.4285714285714284,1.4705882352941178,supercritical
138,5,17.0,25,33.0,2.4285714285714284,1.4705882352941178,1.32,supercritical
138,6,25.0,33,47.0,1.4705882352941178,1.32,1.4242424242424243,supercritical
138,7,33.0,47,57.0,1.32,1.4242424242424243,1.2127659574468086,supercritical
138,8,47.0,57,40.0,1.4242424242424243,1.2127659574468086,0.7017543859649122,supercritical
138,9,57.0,40,44.0,1.2127659574468086,0.7017543859649122,1.1,extinguished
138,10,40.0,44,66.0,0.7017543859649122,1.1,1.5,supercritical
138,11,44.0,66,61.0,1.1,1.5,0.9242424242424242,supercritical
138,12,66.0,61,55.0,1.5,0.9242424242424242,0.9016393442622952,extinguished
138,13,61.0,55,74.0,0.9242424242424242,0.9016393442622952,1.3454545454545457,extinguished
138,14,55.0,74,58.0,0.9016393442622952,1.3454545454545457,0.7837837837837838,supercritical
138,15,74.0,58,47.0,1.3454545454545457,0.7837837837837838,0.8103448275862069,extinguished
138,16,58.0,47,48.0,0.7837837837837838,0.8103448275862069,1.0212765957446808,extinguished
138,17,47.0,48,44.0,0.8103448275862069,1.0212765957446808,0.9166666666666666,equilibrium
138,18,48.0,44,53.0,1.0212765957446808,0.9166666666666666,1.2045454545454546,extinguished
138,19,44.0,53,-1.0,0.9166666666666666,1.2045454545454546,-1.0,supercritical
139,0,-1.0,3,4.0,-1.0,-1.0,1.3333333333333333,initial
139,1,3.0,4,4.0,-1.0,1.3333333333333333,1.0,supercritical
139,2,4.0,4,6.0,1.3333333333333333,1.0,1.5,equilibrium
139,3,4.0,6,8.0,1.0,1.5,1.3333333333333333,supercritical
139,4,6.0,8,11.0,1.5,1.3333333333333333,1.375,supercritical
139,5,8.0,11,21.0,1.3333333333333333,1.375,1.9090909090909087,supercritical
139,6,11.0,21,29.0,1.375,1.9090909090909087,1.380952380952381,supercritical
139,7,21.0,29,37.0,1.9090909090909087,1.380952380952381,1.2758620689655171,supercritical
139,8,29.0,37,34.0,1.380952380952381,1.2758620689655171,0.918918918918919,supercritical
139,9,37.0,34,42.0,1.2758620689655171,0.918918918918919,1.2352941176470589,extinguished
139,10,34.0,42,51.0,0.918918918918919,1.2352941176470589,1.2142857142857142,supercritical
139,11,42.0,51,34.0,1.2352941176470589,1.2142857142857142,0.6666666666666666,supercritical
139,12,51.0,34,49.0,1.2142857142857142,0.6666666666666666,1.4411764705882353,extinguished
139,13,34.0,49,41.0,0.6666666666666666,1.4411764705882353,0.8367346938775511,supercritical
139,14,49.0,41,53.0,1.4411764705882353,0.8367346938775511,1.2926829268292683,extinguished
139,15,41.0,53,47.0,0.8367346938775511,1.2926829268292683,0.8867924528301887,supercritical
139,16,53.0,47,54.0,1.2926829268292683,0.8867924528301887,1.148936170212766,extinguished
139,17,47.0,54,72.0,0.8867924528301887,1.148936170212766,1.3333333333333333,supercritical
139,18,54.0,72,27.0,1.148936170212766,1.3333333333333333,0.375,supercritical
139,19,72.0,27,-1.0,1.3333333333333333,0.375,-1.0,extinguished
140,0,-1.0,4,5.0,-1.0,-1.0,1.25,initial
140,1,4.0,5,9.0,-1.0,1.25,1.8,supercritical
140,2,5.0,9,17.0,1.25,1.8,1.8888888888888888,supercritical
140,3,9.0,17,27.0,1.8,1.8888888888888888,1.588235294117647,supercritical
140,4,17.0,27,39.0,1.8888888888888888,1.588235294117647,1.4444444444444444,supercritical
140,5,27.0,39,39.0,1.588235294117647,1.4444444444444444,1.0,supercritical
140,6,39.0,39,46.0,1.4444444444444444,1.0,1.1794871794871795,equilibrium
140,7,39.0,46,35.0,1.0,1.1794871794871795,0.7608695652173914,supercritical
140,8,46.0,35,41.0,1.1794871794871795,0.7608695652173914,1.1714285714285717,extinguished
140,9,35.0,41,43.0,0.7608695652173914,1.1714285714285717,1.048780487804878,supercritical
140,10,41.0,43,47.0,1.1714285714285717,1.048780487804878,1.0930232558139534,equilibrium
140,11,43.0,47,44.0,1.048780487804878,1.0930232558139534,0.9361702127659576,supercritical
140,12,47.0,44,37.0,1.0930232558139534,0.9361702127659576,0.8409090909090909,extinguished
140,13,44.0,37,48.0,0.9361702127659576,0.8409090909090909,1.2972972972972974,extinguished
140,14,37.0,48,31.0,0.8409090909090909,1.2972972972972974,0.6458333333333334,supercritical
140,15,48.0,31,36.0,1.2972972972972974,0.6458333333333334,1.1612903225806452,extinguished
140,16,31.0,36,34.0,0.6458333333333334,1.1612903225806452,0.9444444444444444,supercritical
140,17,36.0,34,34.0,1.1612903225806452,0.9444444444444444,1.0,extinguished
140,18,34.0,34,46.0,0.9444444444444444,1.0,1.3529411764705883,equilibrium
140,19,34.0,46,-1.0,1.0,1.3529411764705883,-1.0,supercritical
141,0,-1.0,5,16.0,-1.0,-1.0,3.2,initial
141,1,5.0,16,28.0,-1.0,3.2,1.75,supercritical
141,2,16.0,28,51.0,3.2,1.75,1.821428571428572,supercritical
141,3,28.0,51,68.0,1.75,1.821428571428572,1.3333333333333333,supercritical
141,4,51.0,68,31.0,1.821428571428572,1.3333333333333333,0.4558823529411764,supercritical
141,5,68.0,31,35.0,1.3333333333333333,0.4558823529411764,1.1290322580645162,extinguished
141,6,31.0,35,46.0,0.4558823529411764,1.1290322580645162,1.3142857142857145,supercritical
141,7,35.0,46,63.0,1.1290322580645162,1.3142857142857145,1.3695652173913044,supercritical
141,8,46.0,63,56.0,1.3142857142857145,1.3695652173913044,0.8888888888888888,supercritical
141,9,63.0,56,70.0,1.3695652173913044,0.8888888888888888,1.25,extinguished
141,10,56.0,70,34.0,0.8888888888888888,1.25,0.4857142857142857,supercritical
141,11,70.0,34,39.0,1.25,0.4857142857142857,1.1470588235294117,extinguished
141,12,34.0,39,53.0,0.4857142857142857,1.1470588235294117,1.358974358974359,supercritical
141,13,39.0,53,66.0,1.1470588235294117,1.358974358974359,1.2452830188679245,supercritical
141,14,53.0,66,51.0,1.358974358974359,1.2452830188679245,0.7727272727272727,supercritical
141,15,66.0,51,72.0,1.2452830188679245,0.7727272727272727,1.411764705882353,extinguished
141,16,51.0,72,34.0,0.7727272727272727,1.411764705882353,0.4722222222222222,supercritical
141,17,72.0,34,44.0,1.411764705882353,0.4722222222222222,1.2941176470588236,extinguished
141,18,34.0,44,67.0,0.4722222222222222,1.2941176470588236,1.5227272727272727,supercritical
141,19,44.0,67,-1.0,1.2941176470588236,1.5227272727272727,-1.0,supercritical
142,0,-1.0,5,13.0,-1.0,-1.0,2.6,initial
142,1,5.0,13,29.0,-1.0,2.6,2.230769230769231,supercritical
142,2,13.0,29,48.0,2.6,2.230769230769231,1.6551724137931034,supercritical
142,3,29.0,48,72.0,2.230769230769231,1.6551724137931034,1.5,supercritical
142,4,48.0,72,64.0,1.6551724137931034,1.5,0.8888888888888888,supercritical
142,5,72.0,64,56.0,1.5,0.8888888888888888,0.875,extinguished
142,6,64.0,56,48.0,0.8888888888888888,0.875,0.8571428571428571,extinguished
142,7,56.0,48,37.0,0.875,0.8571428571428571,0.7708333333333334,extinguished
142,8,48.0,37,63.0,0.8571428571428571,0.7708333333333334,1.7027027027027026,extinguished
142,9,37.0,63,66.0,0.7708333333333334,1.7027027027027026,1.0476190476190477,supercritical
142,10,63.0,66,56.0,1.7027027027027026,1.0476190476190477,0.8484848484848485,equilibrium
142,11,66.0,56,55.0,1.0476190476190477,0.8484848484848485,0.9821428571428572,extinguished
142,12,56.0,55,58.0,0.8484848484848485,0.9821428571428572,1.0545454545454545,equilibrium
142,13,55.0,58,40.0,0.9821428571428572,1.0545454545454545,0.6896551724137931,supercritical
142,14,58.0,40,48.0,1.0545454545454545,0.6896551724137931,1.2,extinguished
142,15,40.0,48,51.0,0.6896551724137931,1.2,1.0625,supercritical
142,16,48.0,51,36.0,1.2,1.0625,0.7058823529411765,supercritical
142,17,51.0,36,59.0,1.0625,0.7058823529411765,1.6388888888888888,extinguished
142,18,36.0,59,50.0,0.7058823529411765,1.6388888888888888,0.847457627118644,supercritical
142,19,59.0,50,-1.0,1.6388888888888888,0.847457627118644,-1.0,extinguished
143,0,-1.0,1,4.0,-1.0,-1.0,4.0,initial
143,1,1.0,4,14.0,-1.0,4.0,3.5,supercritical
143,2,4.0,14,24.0,4.0,3.5,1.7142857142857142,supercritical
143,3,14.0,24,38.0,3.5,1.7142857142857142,1.5833333333333333,supercritical
143,4,24.0,38,43.0,1.7142857142857142,1.5833333333333333,1.131578947368421,supercritical
143,5,38.0,43,35.0,1.5833333333333333,1.131578947368421,0.813953488372093,supercritical
143,6,43.0,35,38.0,1.131578947368421,0.813953488372093,1.0857142857142856,extinguished
143,7,35.0,38,43.0,0.813953488372093,1.0857142857142856,1.131578947368421,supercritical
143,8,38.0,43,40.0,1.0857142857142856,1.131578947368421,0.9302325581395348,supercritical
143,9,43.0,40,62.0,1.131578947368421,0.9302325581395348,1.55,extinguished
143,10,40.0,62,47.0,0.9302325581395348,1.55,0.7580645161290323,supercritical
143,11,62.0,47,53.0,1.55,0.7580645161290323,1.127659574468085,extinguished
143,12,47.0,53,58.0,0.7580645161290323,1.127659574468085,1.0943396226415094,supercritical
143,13,53.0,58,41.0,1.127659574468085,1.0943396226415094,0.7068965517241379,supercritical
143,14,58.0,41,49.0,1.0943396226415094,0.7068965517241379,1.195121951219512,extinguished
143,15,41.0,49,48.0,0.7068965517241379,1.195121951219512,0.979591836734694,supercritical
143,16,49.0,48,69.0,1.195121951219512,0.979591836734694,1.4375,equilibrium
143,17,48.0,69,60.0,0.979591836734694,1.4375,0.8695652173913043,supercritical
143,18,69.0,60,51.0,1.4375,0.8695652173913043,0.85,extinguished
143,19,60.0,51,-1.0,0.8695652173913043,0.85,-1.0,extinguished
144,0,-1.0,1,2.0,-1.0,-1.0,2.0,initial
144,1,1.0,2,2.0,-1.0,2.0,1.0,supercritical
144,2,2.0,2,1.0,2.0,1.0,0.5,equilibrium
144,3,2.0,1,0.0,1.0,0.5,0.0,extinguished
144,4,1.0,0,0.0,0.5,0.0,0.0,extinguished
144,5,0.0,0,0.0,0.0,0.0,0.0,extinguished
144,6,0.0,0,0.0,0.0,0.0,0.0,extinguished
144,7,0.0,0,0.0,0.0,0.0,0.0,extinguished
144,8,0.0,0,0.0,0.0,0.0,0.0,extinguished
144,9,0.0,0,0.0,0.0,0.0,0.0,extinguished
144,10,0.0,0,0.0,0.0,0.0,0.0,extinguished
144,11,0.0,0,0.0,0.0,0.0,0.0,extinguished
144,12,0.0,0,0.0,0.0,0.0,0.0,extinguished
144,13,0.0,0,0.0,0.0,0.0,0.0,extinguished
144,14,0.0,0,0.0,0.0,0.0,0.0,extinguished
144,15,0.0,0,0.0,0.0,0.0,0.0,extinguished
144,16,0.0,0,0.0,0.0,0.0,0.0,extinguished
144,17,0.0,0,0.0,0.0,0.0,0.0,extinguished
144,18,0.0,0,0.0,0.0,0.0,0.0,extinguished
144,19,0.0,0,-1.0,0.0,0.0,-1.0,extinguished
145,0,-1.0,5,10.0,-1.0,-1.0,2.0,initial
145,1,5.0,10,19.0,-1.0,2.0,1.9,supercritical
145,2,10.0,19,39.0,2.0,1.9,2.0526315789473686,supercritical
145,3,19.0,39,63.0,1.9,2.0526315789473686,1.6153846153846154,supercritical
145,4,39.0,63,53.0,2.0526315789473686,1.6153846153846154,0.8412698412698413,supercritical
145,5,63.0,53,52.0,1.6153846153846154,0.8412698412698413,0.981132075471698,extinguished
145,6,53.0,52,38.0,0.8412698412698413,0.981132075471698,0.7307692307692307,equilibrium
145,7,52.0,38,63.0,0.981132075471698,0.7307692307692307,1.6578947368421053,extinguished
145,8,38.0,63,41.0,0.7307692307692307,1.6578947368421053,0.6507936507936508,supercritical
145,9,63.0,41,37.0,1.6578947368421053,0.6507936507936508,0.902439024390244,extinguished
145,10,41.0,37,37.0,0.6507936507936508,0.902439024390244,1.0,extinguished
145,11,37.0,37,57.0,0.902439024390244,1.0,1.5405405405405406,equilibrium
145,12,37.0,57,52.0,1.0,1.5405405405405406,0.912280701754386,supercritical
145,13,57.0,52,53.0,1.5405405405405406,0.912280701754386,1.0192307692307692,extinguished
145,14,52.0,53,63.0,0.912280701754386,1.0192307692307692,1.1886792452830188,equilibrium
145,15,53.0,63,63.0,1.0192307692307692,1.1886792452830188,1.0,supercritical
145,16,63.0,63,50.0,1.1886792452830188,1.0,0.7936507936507936,equilibrium
145,17,63.0,50,58.0,1.0,0.7936507936507936,1.16,extinguished
145,18,50.0,58,39.0,0.7936507936507936,1.16,0.6724137931034483,supercritical
145,19,58.0,39,-1.0,1.16,0.6724137931034483,-1.0,extinguished
146,0,-1.0,1,2.0,-1.0,-1.0,2.0,initial
146,1,1.0,2,7.0,-1.0,2.0,3.5,supercritical
146,2,2.0,7,12.0,2.0,3.5,1.7142857142857142,supercritical
146,3,7.0,12,24.0,3.5,1.7142857142857142,2.0,supercritical
146,4,12.0,24,31.0,1.7142857142857142,2.0,1.2916666666666667,supercritical
146,5,24.0,31,27.0,2.0,1.2916666666666667,0.8709677419354839,supercritical
146,6,31.0,27,31.0,1.2916666666666667,0.8709677419354839,1.148148148148148,extinguished
146,7,27.0,31,33.0,0.8709677419354839,1.148148148148148,1.064516129032258,supercritical
146,8,31.0,33,41.0,1.148148148148148,1.064516129032258,1.2424242424242424,supercritical
146,9,33.0,41,48.0,1.064516129032258,1.2424242424242424,1.170731707317073,supercritical
146,10,41.0,48,44.0,1.2424242424242424,1.170731707317073,0.9166666666666666,supercritical
146,11,48.0,44,46.0,1.170731707317073,0.9166666666666666,1.0454545454545454,extinguished
146,12,44.0,46,45.0,0.9166666666666666,1.0454545454545454,0.9782608695652174,equilibrium
146,13,46.0,45,42.0,1.0454545454545454,0.9782608695652174,0.9333333333333332,equilibrium
146,14,45.0,42,38.0,0.9782608695652174,0.9333333333333332,0.9047619047619048,extinguished
146,15,42.0,38,38.0,0.9333333333333332,0.9047619047619048,1.0,extinguished
146,16,38.0,38,45.0,0.9047619047619048,1.0,1.1842105263157894,equilibrium
146,17,38.0,45,46.0,1.0,1.1842105263157894,1.022222222222222,supercritical
146,18,45.0,46,40.0,1.1842105263157894,1.022222222222222,0.8695652173913043,equilibrium
146,19,46.0,40,-1.0,1.022222222222222,0.8695652173913043,-1.0,extinguished
147,0,-1.0,2,5.0,-1.0,-1.0,2.5,initial
147,1,2.0,5,9.0,-1.0,2.5,1.8,supercritical
147,2,5.0,9,15.0,2.5,1.8,1.6666666666666667,supercritical
147,3,9.0,15,20.0,1.8,1.6666666666666667,1.3333333333333333,supercritical
147,4,15.0,20,28.0,1.6666666666666667,1.3333333333333333,1.4,supercritical
147,5,20.0,28,41.0,1.3333333333333333,1.4,1.4642857142857142,supercritical
147,6,28.0,41,45.0,1.4,1.4642857142857142,1.0975609756097562,supercritical
147,7,41.0,45,60.0,1.4642857142857142,1.0975609756097562,1.3333333333333333,supercritical
147,8,45.0,60,41.0,1.0975609756097562,1.3333333333333333,0.6833333333333333,supercritical
147,9,60.0,41,56.0,1.3333333333333333,0.6833333333333333,1.3658536585365857,extinguished
147,10,41.0,56,40.0,0.6833333333333333,1.3658536585365857,0.7142857142857143,supercritical
147,11,56.0,40,41.0,1.3658536585365857,0.7142857142857143,1.025,extinguished
147,12,40.0,41,45.0,0.7142857142857143,1.025,1.0975609756097562,equilibrium
147,13,41.0,45,63.0,1.025,1.0975609756097562,1.4,supercritical
147,14,45.0,63,57.0,1.0975609756097562,1.4,0.9047619047619048,supercritical
147,15,63.0,57,67.0,1.4,0.9047619047619048,1.1754385964912282,extinguished
147,16,57.0,67,50.0,0.9047619047619048,1.1754385964912282,0.746268656716418,supercritical
147,17,67.0,50,49.0,1.1754385964912282,0.746268656716418,0.98,extinguished
147,18,50.0,49,49.0,0.746268656716418,0.98,1.0,equilibrium
147,19,49.0,49,-1.0,0.98,1.0,-1.0,equilibrium
148,0,-1.0,5,4.0,-1.0,-1.0,0.8,initial
148,1,5.0,4,5.0,-1.0,0.8,1.25,extinguished
148,2,4.0,5,6.0,0.8,1.25,1.2,supercritical
148,3,5.0,6,9.0,1.25,1.2,1.5,supercritical
148,4,6.0,9,13.0,1.2,1.5,1.4444444444444444,supercritical
148,5,9.0,13,32.0,1.5,1.4444444444444444,2.4615384615384617,supercritical
148,6,13.0,32,59.0,1.4444444444444444,2.4615384615384617,1.84375,supercritical
148,7,32.0,59,49.0,2.4615384615384617,1.84375,0.8305084745762712,supercritical
148,8,59.0,49,54.0,1.84375,0.8305084745762712,1.1020408163265305,extinguished
148,9,49.0,54,43.0,0.8305084745762712,1.1020408163265305,0.7962962962962963,supercritical
148,10,54.0,43,57.0,1.1020408163265305,0.7962962962962963,1.3255813953488371,extinguished
148,11,43.0,57,59.0,0.7962962962962963,1.3255813953488371,1.0350877192982455,supercritical
148,12,57.0,59,66.0,1.3255813953488371,1.0350877192982455,1.11864406779661,equilibrium
148,13,59.0,66,60.0,1.0350877192982455,1.11864406779661,0.9090909090909092,supercritical
148,14,66.0,60,61.0,1.11864406779661,0.9090909090909092,1.0166666666666666,extinguished
148,15,60.0,61,61.0,0.9090909090909092,1.0166666666666666,1.0,equilibrium
148,16,61.0,61,73.0,1.0166666666666666,1.0,1.1967213114754098,equilibrium
148,17,61.0,73,29.0,1.0,1.1967213114754098,0.3972602739726027,supercritical
148,18,73.0,29,53.0,1.1967213114754098,0.3972602739726027,1.827586206896552,extinguished
148,19,29.0,53,-1.0,0.3972602739726027,1.827586206896552,-1.0,supercritical
149,0,-1.0,3,8.0,-1.0,-1.0,2.6666666666666665,initial
149,1,3.0,8,10.0,-1.0,2.6666666666666665,1.25,supercritical
149,2,8.0,10,23.0,2.6666666666666665,1.25,2.3,supercritical
149,3,10.0,23,52.0,1.25,2.3,2.260869565217391,supercritical
149,4,23.0,52,40.0,2.3,2.260869565217391,0.7692307692307693,supercritical
149,5,52.0,40,39.0,2.260869565217391,0.7692307692307693,0.975,extinguished
149,6,40.0,39,38.0,0.7692307692307693,0.975,0.9743589743589745,equilibrium
149,7,39.0,38,62.0,0.975,0.9743589743589745,1.631578947368421,equilibrium
149,8,38.0,62,60.0,0.9743589743589745,1.631578947368421,0.967741935483871,supercritical
149,9,62.0,60,73.0,1.631578947368421,0.967741935483871,1.2166666666666666,equilibrium
149,10,60.0,73,59.0,0.967741935483871,1.2166666666666666,0.8082191780821918,supercritical
149,11,73.0,59,53.0,1.2166666666666666,0.8082191780821918,0.8983050847457628,extinguished
149,12,59.0,53,53.0,0.8082191780821918,0.8983050847457628,1.0,extinguished
149,13,53.0,53,77.0,0.8983050847457628,1.0,1.4528301886792452,equilibrium
149,14,53.0,77,31.0,1.0,1.4528301886792452,0.4025974025974026,supercritical
149,15,77.0,31,51.0,1.4528301886792452,0.4025974025974026,1.6451612903225807,extinguished
149,16,31.0,51,64.0,0.4025974025974026,1.6451612903225807,1.2549019607843137,supercritical
149,17,51.0,64,51.0,1.6451612903225807,1.2549019607843137,0.796875,supercritical
149,18,64.0,51,60.0,1.2549019607843137,0.796875,1.1764705882352942,extinguished
149,19,51.0,60,-1.0,0.796875,1.1764705882352942,-1.0,supercritical
150,0,-1.0,4,8.0,-1.0,-1.0,2.0,initial
150,1,4.0,8,6.0,-1.0,2.0,0.75,supercritical
150,2,8.0,6,8.0,2.0,0.75,1.3333333333333333,extinguished
150,3,6.0,8,15.0,0.75,1.3333333333333333,1.875,supercritical
150,4,8.0,15,31.0,1.3333333333333333,1.875,2.066666666666667,supercritical
150,5,15.0,31,57.0,1.875,2.066666666666667,1.8387096774193548,supercritical
150,6,31.0,57,26.0,2.066666666666667,1.8387096774193548,0.4561403508771929,supercritical
150,7,57.0,26,34.0,1.8387096774193548,0.4561403508771929,1.3076923076923077,extinguished
150,8,26.0,34,44.0,0.4561403508771929,1.3076923076923077,1.2941176470588236,supercritical
150,9,34.0,44,54.0,1.3076923076923077,1.2941176470588236,1.2272727272727273,supercritical
150,10,44.0,54,56.0,1.2941176470588236,1.2272727272727273,1.037037037037037,supercritical
150,11,54.0,56,39.0,1.2272727272727273,1.037037037037037,0.6964285714285714,equilibrium
150,12,56.0,39,59.0,1.037037037037037,0.6964285714285714,1.5128205128205128,extinguished
150,13,39.0,59,56.0,0.6964285714285714,1.5128205128205128,0.9491525423728814,supercritical
150,14,59.0,56,50.0,1.5128205128205128,0.9491525423728814,0.8928571428571429,extinguished
150,15,56.0,50,64.0,0.9491525423728814,0.8928571428571429,1.28,extinguished
150,16,50.0,64,68.0,0.8928571428571429,1.28,1.0625,supercritical
150,17,64.0,68,40.0,1.28,1.0625,0.5882352941176471,supercritical
150,18,68.0,40,36.0,1.0625,0.5882352941176471,0.9,extinguished
150,19,40.0,36,-1.0,0.5882352941176471,0.9,-1.0,extinguished
151,0,-1.0,3,7.0,-1.0,-1.0,2.333333333333333,initial
151,1,3.0,7,13.0,-1.0,2.333333333333333,1.8571428571428568,supercritical
151,2,7.0,13,23.0,2.333333333333333,1.8571428571428568,1.7692307692307692,supercritical
151,3,13.0,23,32.0,1.8571428571428568,1.7692307692307692,1.391304347826087,supercritical
151,4,23.0,32,41.0,1.7692307692307692,1.391304347826087,1.28125,supercritical
151,5,32.0,41,41.0,1.391304347826087,1.28125,1.0,supercritical
151,6,41.0,41,33.0,1.28125,1.0,0.8048780487804879,equilibrium
151,7,41.0,33,61.0,1.0,0.8048780487804879,1.8484848484848484,extinguished
151,8,33.0,61,44.0,0.8048780487804879,1.8484848484848484,0.7213114754098361,supercritical
151,9,61.0,44,59.0,1.8484848484848484,0.7213114754098361,1.3409090909090908,extinguished
151,10,44.0,59,71.0,0.7213114754098361,1.3409090909090908,1.2033898305084745,supercritical
151,11,59.0,71,32.0,1.3409090909090908,1.2033898305084745,0.4507042253521127,supercritical
151,12,71.0,32,59.0,1.2033898305084745,0.4507042253521127,1.84375,extinguished
151,13,32.0,59,73.0,0.4507042253521127,1.84375,1.2372881355932204,supercritical
151,14,59.0,73,31.0,1.84375,1.2372881355932204,0.4246575342465753,supercritical
151,15,73.0,31,37.0,1.2372881355932204,0.4246575342465753,1.1935483870967742,extinguished
151,16,31.0,37,52.0,0.4246575342465753,1.1935483870967742,1.4054054054054057,supercritical
151,17,37.0,52,42.0,1.1935483870967742,1.4054054054054057,0.8076923076923077,supercritical
151,18,52.0,42,37.0,1.4054054054054057,0.8076923076923077,0.8809523809523809,extinguished
151,19,42.0,37,-1.0,0.8076923076923077,0.8809523809523809,-1.0,extinguished
152,0,-1.0,2,0.0,-1.0,-1.0,0.0,initial
152,1,2.0,0,0.0,-1.0,0.0,0.0,extinguished
152,2,0.0,0,0.0,0.0,0.0,0.0,extinguished
152,3,0.0,0,0.0,0.0,0.0,0.0,extinguished
152,4,0.0,0,0.0,0.0,0.0,0.0,extinguished
152,5,0.0,0,0.0,0.0,0.0,0.0,extinguished
152,6,0.0,0,0.0,0.0,0.0,0.0,extinguished
152,7,0.0,0,0.0,0.0,0.0,0.0,extinguished
152,8,0.0,0,0.0,0.0,0.0,0.0,extinguished
152,9,0.0,0,0.0,0.0,0.0,0.0,extinguished
152,10,0.0,0,0.0,0.0,0.0,0.0,extinguished
152,11,0.0,0,0.0,0.0,0.0,0.0,extinguished
152,12,0.0,0,0.0,0.0,0.0,0.0,extinguished
152,13,0.0,0,0.0,0.0,0.0,0.0,extinguished
152,14,0.0,0,0.0,0.0,0.0,0.0,extinguished
152,15,0.0,0,0.0,0.0,0.0,0.0,extinguished
152,16,0.0,0,0.0,0.0,0.0,0.0,extinguished
152,17,0.0,0,0.0,0.0,0.0,0.0,extinguished
152,18,0.0,0,0.0,0.0,0.0,0.0,extinguished
152,19,0.0,0,-1.0,0.0,0.0,-1.0,extinguished
153,0,-1.0,4,7.0,-1.0,-1.0,1.75,initial
153,1,4.0,7,19.0,-1.0,1.75,2.7142857142857144,supercritical
153,2,7.0,19,39.0,1.75,2.7142857142857144,2.0526315789473686,supercritical
153,3,19.0,39,63.0,2.7142857142857144,2.0526315789473686,1.6153846153846154,supercritical
153,4,39.0,63,46.0,2.0526315789473686,1.6153846153846154,0.7301587301587301,supercritical
153,5,63.0,46,61.0,1.6153846153846154,0.7301587301587301,1.326086956521739,extinguished
153,6,46.0,61,41.0,0.7301587301587301,1.326086956521739,0.6721311475409836,supercritical
153,7,61.0,41,35.0,1.326086956521739,0.6721311475409836,0.8536585365853658,extinguished
153,8,41.0,35,46.0,0.6721311475409836,0.8536585365853658,1.3142857142857145,extinguished
153,9,35.0,46,60.0,0.8536585365853658,1.3142857142857145,1.3043478260869563,supercritical
153,10,46.0,60,64.0,1.3142857142857145,1.3043478260869563,1.0666666666666669,supercritical
153,11,60.0,64,50.0,1.3043478260869563,1.0666666666666669,0.78125,supercritical
153,12,64.0,50,46.0,1.0666666666666669,0.78125,0.92,extinguished
153,13,50.0,46,55.0,0.78125,0.92,1.1956521739130437,extinguished
153,14,46.0,55,54.0,0.92,1.1956521739130437,0.9818181818181818,supercritical
153,15,55.0,54,53.0,1.1956521739130437,0.9818181818181818,0.9814814814814816,equilibrium
153,16,54.0,53,40.0,0.9818181818181818,0.9814814814814816,0.7547169811320755,equilibrium
153,17,53.0,40,56.0,0.9814814814814816,0.7547169811320755,1.4,extinguished
153,18,40.0,56,75.0,0.7547169811320755,1.4,1.3392857142857142,supercritical
153,19,56.0,75,-1.0,1.4,1.3392857142857142,-1.0,supercritical
154,0,-1.0,4,8.0,-1.0,-1.0,2.0,initial
154,1,4.0,8,16.0,-1.0,2.0,2.0,supercritical
154,2,8.0,16,21.0,2.0,2.0,1.3125,supercritical
154,3,16.0,21,22.0,2.0,1.3125,1.0476190476190477,supercritical
154,4,21.0,22,19.0,1.3125,1.0476190476190477,0.8636363636363636,equilibrium
154,5,22.0,19,22.0,1.0476190476190477,0.8636363636363636,1.1578947368421053,extinguished
154,6,19.0,22,22.0,0.8636363636363636,1.1578947368421053,1.0,supercritical
154,7,22.0,22,25.0,1.1578947368421053,1.0,1.1363636363636365,equilibrium
154,8,22.0,25,35.0,1.0,1.1363636363636365,1.4,supercritical
154,9,25.0,35,46.0,1.1363636363636365,1.4,1.3142857142857145,supercritical
154,10,35.0,46,41.0,1.4,1.3142857142857145,0.8913043478260869,supercritical
154,11,46.0,41,38.0,1.3142857142857145,0.8913043478260869,0.926829268292683,extinguished
154,12,41.0,38,40.0,0.8913043478260869,0.926829268292683,1.0526315789473684,extinguished
154,13,38.0,40,40.0,0.926829268292683,1.0526315789473684,1.0,supercritical
154,14,40.0,40,40.0,1.0526315789473684,1.0,1.0,equilibrium
154,15,40.0,40,36.0,1.0,1.0,0.9,equilibrium
154,16,40.0,36,34.0,1.0,0.9,0.9444444444444444,extinguished
154,17,36.0,34,51.0,0.9,0.9444444444444444,1.5,extinguished
154,18,34.0,51,55.0,0.9444444444444444,1.5,1.0784313725490196,supercritical
154,19,51.0,55,-1.0,1.5,1.0784313725490196,-1.0,supercritical
155,0,-1.0,2,4.0,-1.0,-1.0,2.0,initial
155,1,2.0,4,8.0,-1.0,2.0,2.0,supercritical
155,2,4.0,8,24.0,2.0,2.0,3.0,supercritical
155,3,8.0,24,39.0,2.0,3.0,1.625,supercritical
155,4,24.0,39,52.0,3.0,1.625,1.3333333333333333,supercritical
155,5,39.0,52,49.0,1.625,1.3333333333333333,0.9423076923076924,supercritical
155,6,52.0,49,74.0,1.3333333333333333,0.9423076923076924,1.510204081632653,extinguished
155,7,49.0,74,47.0,0.9423076923076924,1.510204081632653,0.6351351351351351,supercritical
155,8,74.0,47,48.0,1.510204081632653,0.6351351351351351,1.0212765957446808,extinguished
155,9,47.0,48,64.0,0.6351351351351351,1.0212765957446808,1.3333333333333333,equilibrium
155,10,48.0,64,71.0,1.0212765957446808,1.3333333333333333,1.109375,supercritical
155,11,64.0,71,33.0,1.3333333333333333,1.109375,0.4647887323943662,supercritical
155,12,71.0,33,45.0,1.109375,0.4647887323943662,1.3636363636363635,extinguished
155,13,33.0,45,51.0,0.4647887323943662,1.3636363636363635,1.1333333333333333,supercritical
155,14,45.0,51,48.0,1.3636363636363635,1.1333333333333333,0.9411764705882352,supercritical
155,15,51.0,48,54.0,1.1333333333333333,0.9411764705882352,1.125,extinguished
155,16,48.0,54,46.0,0.9411764705882352,1.125,0.8518518518518519,supercritical
155,17,54.0,46,54.0,1.125,0.8518518518518519,1.173913043478261,extinguished
155,18,46.0,54,39.0,0.8518518518518519,1.173913043478261,0.7222222222222222,supercritical
155,19,54.0,39,-1.0,1.173913043478261,0.7222222222222222,-1.0,extinguished
156,0,-1.0,5,9.0,-1.0,-1.0,1.8,initial
156,1,5.0,9,16.0,-1.0,1.8,1.7777777777777777,supercritical
156,2,9.0,16,23.0,1.8,1.7777777777777777,1.4375,supercritical
156,3,16.0,23,36.0,1.7777777777777777,1.4375,1.565217391304348,supercritical
156,4,23.0,36,58.0,1.4375,1.565217391304348,1.6111111111111112,supercritical
156,5,36.0,58,60.0,1.565217391304348,1.6111111111111112,1.0344827586206895,supercritical
156,6,58.0,60,67.0,1.6111111111111112,1.0344827586206895,1.1166666666666667,equilibrium
156,7,60.0,67,51.0,1.0344827586206895,1.1166666666666667,0.7611940298507462,supercritical
156,8,67.0,51,43.0,1.1166666666666667,0.7611940298507462,0.8431372549019608,extinguished
156,9,51.0,43,60.0,0.7611940298507462,0.8431372549019608,1.3953488372093024,extinguished
156,10,43.0,60,62.0,0.8431372549019608,1.3953488372093024,1.0333333333333334,supercritical
156,11,60.0,62,41.0,1.3953488372093024,1.0333333333333334,0.6612903225806451,equilibrium
156,12,62.0,41,61.0,1.0333333333333334,0.6612903225806451,1.4878048780487805,extinguished
156,13,41.0,61,57.0,0.6612903225806451,1.4878048780487805,0.9344262295081968,supercritical
156,14,61.0,57,57.0,1.4878048780487805,0.9344262295081968,1.0,extinguished
156,15,57.0,57,63.0,0.9344262295081968,1.0,1.105263157894737,equilibrium
156,16,57.0,63,46.0,1.0,1.105263157894737,0.7301587301587301,supercritical
156,17,63.0,46,59.0,1.105263157894737,0.7301587301587301,1.2826086956521738,extinguished
156,18,46.0,59,55.0,0.7301587301587301,1.2826086956521738,0.9322033898305084,supercritical
156,19,59.0,55,-1.0,1.2826086956521738,0.9322033898305084,-1.0,extinguished
157,0,-1.0,3,10.0,-1.0,-1.0,3.333333333333333,initial
157,1,3.0,10,14.0,-1.0,3.333333333333333,1.4,supercritical
157,2,10.0,14,16.0,3.333333333333333,1.4,1.1428571428571428,supercritical
157,3,14.0,16,23.0,1.4,1.1428571428571428,1.4375,supercritical
157,4,16.0,23,28.0,1.1428571428571428,1.4375,1.2173913043478262,supercritical
157,5,23.0,28,40.0,1.4375,1.2173913043478262,1.4285714285714286,supercritical
157,6,28.0,40,39.0,1.2173913043478262,1.4285714285714286,0.975,supercritical
157,7,40.0,39,35.0,1.4285714285714286,0.975,0.8974358974358975,equilibrium
157,8,39.0,35,41.0,0.975,0.8974358974358975,1.1714285714285717,extinguished
157,9,35.0,41,42.0,0.8974358974358975,1.1714285714285717,1.024390243902439,supercritical
157,10,41.0,42,40.0,1.1714285714285717,1.024390243902439,0.9523809523809524,equilibrium
157,11,42.0,40,36.0,1.024390243902439,0.9523809523809524,0.9,equilibrium
157,12,40.0,36,47.0,0.9523809523809524,0.9,1.3055555555555556,extinguished
157,13,36.0,47,41.0,0.9,1.3055555555555556,0.8723404255319149,supercritical
157,14,47.0,41,36.0,1.3055555555555556,0.8723404255319149,0.8780487804878049,extinguished
157,15,41.0,36,28.0,0.8723404255319149,0.8780487804878049,0.7777777777777778,extinguished
157,16,36.0,28,28.0,0.8780487804878049,0.7777777777777778,1.0,extinguished
157,17,28.0,28,40.0,0.7777777777777778,1.0,1.4285714285714286,equilibrium
157,18,28.0,40,24.0,1.0,1.4285714285714286,0.6,supercritical
157,19,40.0,24,-1.0,1.4285714285714286,0.6,-1.0,extinguished
158,0,-1.0,2,8.0,-1.0,-1.0,4.0,initial
158,1,2.0,8,11.0,-1.0,4.0,1.375,supercritical
158,2,8.0,11,16.0,4.0,1.375,1.4545454545454546,supercritical
158,3,11.0,16,25.0,1.375,1.4545454545454546,1.5625,supercritical
158,4,16.0,25,47.0,1.4545454545454546,1.5625,1.88,supercritical
158,5,25.0,47,67.0,1.5625,1.88,1.425531914893617,supercritical
158,6,47.0,67,24.0,1.88,1.425531914893617,0.3582089552238806,supercritical
158,7,67.0,24,35.0,1.425531914893617,0.3582089552238806,1.4583333333333333,extinguished
158,8,24.0,35,38.0,0.3582089552238806,1.4583333333333333,1.0857142857142856,supercritical
158,9,35.0,38,67.0,1.4583333333333333,1.0857142857142856,1.763157894736842,supercritical
158,10,38.0,67,35.0,1.0857142857142856,1.763157894736842,0.5223880597014925,supercritical
158,11,67.0,35,38.0,1.763157894736842,0.5223880597014925,1.0857142857142856,extinguished
158,12,35.0,38,37.0,0.5223880597014925,1.0857142857142856,0.9736842105263158,supercritical
158,13,38.0,37,39.0,1.0857142857142856,0.9736842105263158,1.054054054054054,equilibrium
158,14,37.0,39,53.0,0.9736842105263158,1.054054054054054,1.358974358974359,supercritical
158,15,39.0,53,54.0,1.054054054054054,1.358974358974359,1.018867924528302,supercritical
158,16,53.0,54,48.0,1.358974358974359,1.018867924528302,0.8888888888888888,equilibrium
158,17,54.0,48,69.0,1.018867924528302,0.8888888888888888,1.4375,extinguished
158,18,48.0,69,67.0,0.8888888888888888,1.4375,0.9710144927536232,supercritical
158,19,69.0,67,-1.0,1.4375,0.9710144927536232,-1.0,equilibrium
159,0,-1.0,3,7.0,-1.0,-1.0,2.333333333333333,initial
159,1,3.0,7,11.0,-1.0,2.333333333333333,1.5714285714285714,supercritical
159,2,7.0,11,15.0,2.333333333333333,1.5714285714285714,1.3636363636363635,supercritical
159,3,11.0,15,21.0,1.5714285714285714,1.3636363636363635,1.4,supercritical
159,4,15.0,21,30.0,1.3636363636363635,1.4,1.4285714285714286,supercritical
159,5,21.0,30,29.0,1.4,1.4285714285714286,0.9666666666666668,supercritical
159,6,30.0,29,35.0,1.4285714285714286,0.9666666666666668,1.206896551724138,equilibrium
159,7,29.0,35,39.0,0.9666666666666668,1.206896551724138,1.1142857142857143,supercritical
159,8,35.0,39,50.0,1.206896551724138,1.1142857142857143,1.2820512820512822,supercritical
159,9,39.0,50,53.0,1.1142857142857143,1.2820512820512822,1.06,supercritical
159,10,50.0,53,50.0,1.2820512820512822,1.06,0.9433962264150944,supercritical
159,11,53.0,50,50.0,1.06,0.9433962264150944,1.0,extinguished
159,12,50.0,50,58.0,0.9433962264150944,1.0,1.16,equilibrium
159,13,50.0,58,48.0,1.0,1.16,0.8275862068965517,supercritical
159,14,58.0,48,34.0,1.16,0.8275862068965517,0.7083333333333334,extinguished
159,15,48.0,34,50.0,0.8275862068965517,0.7083333333333334,1.4705882352941178,extinguished
159,16,34.0,50,43.0,0.7083333333333334,1.4705882352941178,0.86,supercritical
159,17,50.0,43,35.0,1.4705882352941178,0.86,0.813953488372093,extinguished
159,18,43.0,35,37.0,0.86,0.813953488372093,1.0571428571428572,extinguished
159,19,35.0,37,-1.0,0.813953488372093,1.0571428571428572,-1.0,supercritical
160,0,-1.0,4,8.0,-1.0,-1.0,2.0,initial
160,1,4.0,8,19.0,-1.0,2.0,2.375,supercritical
160,2,8.0,19,32.0,2.0,2.375,1.6842105263157894,supercritical
160,3,19.0,32,37.0,2.375,1.6842105263157894,1.15625,supercritical
160,4,32.0,37,51.0,1.6842105263157894,1.15625,1.3783783783783785,supercritical
160,5,37.0,51,36.0,1.15625,1.3783783783783785,0.7058823529411765,supercritical
160,6,51.0,36,30.0,1.3783783783783785,0.7058823529411765,0.8333333333333334,extinguished
160,7,36.0,30,29.0,0.7058823529411765,0.8333333333333334,0.9666666666666668,extinguished
160,8,30.0,29,49.0,0.8333333333333334,0.9666666666666668,1.6896551724137931,equilibrium
160,9,29.0,49,47.0,0.9666666666666668,1.6896551724137931,0.9591836734693876,supercritical
160,10,49.0,47,46.0,1.6896551724137931,0.9591836734693876,0.9787234042553192,equilibrium
160,11,47.0,46,53.0,0.9591836734693876,0.9787234042553192,1.1521739130434785,equilibrium
160,12,46.0,53,41.0,0.9787234042553192,1.1521739130434785,0.7735849056603774,supercritical
160,13,53.0,41,36.0,1.1521739130434785,0.7735849056603774,0.8780487804878049,extinguished
160,14,41.0,36,33.0,0.7735849056603774,0.8780487804878049,0.9166666666666666,extinguished
160,15,36.0,33,35.0,0.8780487804878049,0.9166666666666666,1.0606060606060606,extinguished
160,16,33.0,35,35.0,0.9166666666666666,1.0606060606060606,1.0,supercritical
160,17,35.0,35,47.0,1.0606060606060606,1.0,1.3428571428571427,equilibrium
160,18,35.0,47,41.0,1.0,1.3428571428571427,0.8723404255319149,supercritical
160,19,47.0,41,-1.0,1.3428571428571427,0.8723404255319149,-1.0,extinguished
161,0,-1.0,3,5.0,-1.0,-1.0,1.6666666666666667,initial
161,1,3.0,5,9.0,-1.0,1.6666666666666667,1.8,supercritical
161,2,5.0,9,15.0,1.6666666666666667,1.8,1.6666666666666667,supercritical
161,3,9.0,15,20.0,1.8,1.6666666666666667,1.3333333333333333,supercritical
161,4,15.0,20,26.0,1.6666666666666667,1.3333333333333333,1.3,supercritical
161,5,20.0,26,60.0,1.3333333333333333,1.3,2.3076923076923075,supercritical
161,6,26.0,60,63.0,1.3,2.3076923076923075,1.05,supercritical
161,7,60.0,63,26.0,2.3076923076923075,1.05,0.4126984126984127,equilibrium
161,8,63.0,26,34.0,1.05,0.4126984126984127,1.3076923076923077,extinguished
161,9,26.0,34,52.0,0.4126984126984127,1.3076923076923077,1.5294117647058822,supercritical
161,10,34.0,52,60.0,1.3076923076923077,1.5294117647058822,1.1538461538461535,supercritical
161,11,52.0,60,42.0,1.5294117647058822,1.1538461538461535,0.7,supercritical
161,12,60.0,42,37.0,1.1538461538461535,0.7,0.8809523809523809,extinguished
161,13,42.0,37,42.0,0.7,0.8809523809523809,1.135135135135135,extinguished
161,14,37.0,42,60.0,0.8809523809523809,1.135135135135135,1.4285714285714286,supercritical
161,15,42.0,60,58.0,1.135135135135135,1.4285714285714286,0.9666666666666668,supercritical
161,16,60.0,58,59.0,1.4285714285714286,0.9666666666666668,1.0172413793103448,equilibrium
161,17,58.0,59,41.0,0.9666666666666668,1.0172413793103448,0.6949152542372882,equilibrium
161,18,59.0,41,55.0,1.0172413793103448,0.6949152542372882,1.3414634146341464,extinguished
161,19,41.0,55,-1.0,0.6949152542372882,1.3414634146341464,-1.0,supercritical
162,0,-1.0,4,5.0,-1.0,-1.0,1.25,initial
162,1,4.0,5,8.0,-1.0,1.25,1.6,supercritical
162,2,5.0,8,17.0,1.25,1.6,2.125,supercritical
162,3,8.0,17,21.0,1.6,2.125,1.2352941176470589,supercritical
162,4,17.0,21,27.0,2.125,1.2352941176470589,1.2857142857142858,supercritical
162,5,21.0,27,32.0,1.2352941176470589,1.2857142857142858,1.1851851851851851,supercritical
162,6,27.0,32,54.0,1.2857142857142858,1.1851851851851851,1.6875,supercritical
162,7,32.0,54,43.0,1.1851851851851851,1.6875,0.7962962962962963,supercritical
162,8,54.0,43,53.0,1.6875,0.7962962962962963,1.2325581395348837,extinguished
162,9,43.0,53,36.0,0.7962962962962963,1.2325581395348837,0.6792452830188679,supercritical
162,10,53.0,36,44.0,1.2325581395348837,0.6792452830188679,1.2222222222222223,extinguished
162,11,36.0,44,58.0,0.6792452830188679,1.2222222222222223,1.318181818181818,supercritical
162,12,44.0,58,36.0,1.2222222222222223,1.318181818181818,0.6206896551724138,supercritical
162,13,58.0,36,40.0,1.318181818181818,0.6206896551724138,1.1111111111111112,extinguished
162,14,36.0,40,52.0,0.6206896551724138,1.1111111111111112,1.3,supercritical
162,15,40.0,52,51.0,1.1111111111111112,1.3,0.9807692307692308,supercritical
162,16,52.0,51,47.0,1.3,0.9807692307692308,0.9215686274509804,equilibrium
162,17,51.0,47,45.0,0.9807692307692308,0.9215686274509804,0.9574468085106383,extinguished
162,18,47.0,45,51.0,0.9215686274509804,0.9574468085106383,1.1333333333333333,equilibrium
162,19,45.0,51,-1.0,0.9574468085106383,1.1333333333333333,-1.0,supercritical
163,0,-1.0,3,6.0,-1.0,-1.0,2.0,initial
163,1,3.0,6,23.0,-1.0,2.0,3.8333333333333335,supercritical
163,2,6.0,23,22.0,2.0,3.8333333333333335,0.9565217391304348,supercritical
163,3,23.0,22,41.0,3.8333333333333335,0.9565217391304348,1.8636363636363635,equilibrium
163,4,22.0,41,46.0,0.9565217391304348,1.8636363636363635,1.1219512195121952,supercritical
163,5,41.0,46,53.0,1.8636363636363635,1.1219512195121952,1.1521739130434785,supercritical
163,6,46.0,53,44.0,1.1219512195121952,1.1521739130434785,0.8301886792452831,supercritical
163,7,53.0,44,67.0,1.1521739130434785,0.8301886792452831,1.5227272727272727,extinguished
163,8,44.0,67,56.0,0.8301886792452831,1.5227272727272727,0.835820895522388,supercritical
163,9,67.0,56,58.0,1.5227272727272727,0.835820895522388,1.0357142857142858,extinguished
163,10,56.0,58,74.0,0.835820895522388,1.0357142857142858,1.2758620689655171,equilibrium
163,11,58.0,74,38.0,1.0357142857142858,1.2758620689655171,0.5135135135135135,supercritical
163,12,74.0,38,59.0,1.2758620689655171,0.5135135135135135,1.5526315789473684,extinguished
163,13,38.0,59,70.0,0.5135135135135135,1.5526315789473684,1.1864406779661016,supercritical
163,14,59.0,70,37.0,1.5526315789473684,1.1864406779661016,0.5285714285714286,supercritical
163,15,70.0,37,50.0,1.1864406779661016,0.5285714285714286,1.351351351351351,extinguished
163,16,37.0,50,47.0,0.5285714285714286,1.351351351351351,0.94,supercritical
163,17,50.0,47,40.0,1.351351351351351,0.94,0.851063829787234,extinguished
163,18,47.0,40,51.0,0.94,0.851063829787234,1.275,extinguished
163,19,40.0,51,-1.0,0.851063829787234,1.275,-1.0,supercritical
164,0,-1.0,2,2.0,-1.0,-1.0,1.0,initial
164,1,2.0,2,3.0,-1.0,1.0,1.5,equilibrium
164,2,2.0,3,4.0,1.0,1.5,1.3333333333333333,supercritical
164,3,3.0,4,10.0,1.5,1.3333333333333333,2.5,supercritical
164,4,4.0,10,15.0,1.3333333333333333,2.5,1.5,supercritical
164,5,10.0,15,18.0,2.5,1.5,1.2,supercritical
164,6,15.0,18,25.0,1.5,1.2,1.3888888888888888,supercritical
164,7,18.0,25,37.0,1.2,1.3888888888888888,1.48,supercritical
164,8,25.0,37,52.0,1.3888888888888888,1.48,1.4054054054054057,supercritical
164,9,37.0,52,53.0,1.48,1.4054054054054057,1.0192307692307692,supercritical
164,10,52.0,53,64.0,1.4054054054054057,1.0192307692307692,1.2075471698113207,equilibrium
164,11,53.0,64,39.0,1.0192307692307692,1.2075471698113207,0.609375,supercritical
164,12,64.0,39,36.0,1.2075471698113207,0.609375,0.9230769230769232,extinguished
164,13,39.0,36,54.0,0.609375,0.9230769230769232,1.5,extinguished
164,14,36.0,54,60.0,0.9230769230769232,1.5,1.1111111111111112,supercritical
164,15,54.0,60,50.0,1.5,1.1111111111111112,0.8333333333333334,supercritical
164,16,60.0,50,37.0,1.1111111111111112,0.8333333333333334,0.74,extinguished
164,17,50.0,37,53.0,0.8333333333333334,0.74,1.4324324324324325,extinguished
164,18,37.0,53,47.0,0.74,1.4324324324324325,0.8867924528301887,supercritical
164,19,53.0,47,-1.0,1.4324324324324325,0.8867924528301887,-1.0,extinguished
165,0,-1.0,1,0.0,-1.0,-1.0,0.0,initial
165,1,1.0,0,0.0,-1.0,0.0,0.0,extinguished
165,2,0.0,0,0.0,0.0,0.0,0.0,extinguished
165,3,0.0,0,0.0,0.0,0.0,0.0,extinguished
165,4,0.0,0,0.0,0.0,0.0,0.0,extinguished
165,5,0.0,0,0.0,0.0,0.0,0.0,extinguished
165,6,0.0,0,0.0,0.0,0.0,0.0,extinguished
165,7,0.0,0,0.0,0.0,0.0,0.0,extinguished
165,8,0.0,0,0.0,0.0,0.0,0.0,extinguished
165,9,0.0,0,0.0,0.0,0.0,0.0,extinguished
165,10,0.0,0,0.0,0.0,0.0,0.0,extinguished
165,11,0.0,0,0.0,0.0,0.0,0.0,extinguished
165,12,0.0,0,0.0,0.0,0.0,0.0,extinguished
165,13,0.0,0,0.0,0.0,0.0,0.0,extinguished
165,14,0.0,0,0.0,0.0,0.0,0.0,extinguished
165,15,0.0,0,0.0,0.0,0.0,0.0,extinguished
165,16,0.0,0,0.0,0.0,0.0,0.0,extinguished
165,17,0.0,0,0.0,0.0,0.0,0.0,extinguished
165,18,0.0,0,0.0,0.0,0.0,0.0,extinguished
165,19,0.0,0,-1.0,0.0,0.0,-1.0,extinguished
166,0,-1.0,5,6.0,-1.0,-1.0,1.2,initial
166,1,5.0,6,5.0,-1.0,1.2,0.8333333333333334,supercritical
166,2,6.0,5,6.0,1.2,0.8333333333333334,1.2,extinguished
166,3,5.0,6,11.0,0.8333333333333334,1.2,1.8333333333333333,supercritical
166,4,6.0,11,17.0,1.2,1.8333333333333333,1.5454545454545454,supercritical
166,5,11.0,17,38.0,1.8333333333333333,1.5454545454545454,2.235294117647059,supercritical
166,6,17.0,38,54.0,1.5454545454545454,2.235294117647059,1.4210526315789471,supercritical
166,7,38.0,54,52.0,2.235294117647059,1.4210526315789471,0.9629629629629628,supercritical
166,8,54.0,52,66.0,1.4210526315789471,0.9629629629629628,1.2692307692307692,equilibrium
166,9,52.0,66,40.0,0.9629629629629628,1.2692307692307692,0.6060606060606061,supercritical
166,10,66.0,40,71.0,1.2692307692307692,0.6060606060606061,1.775,extinguished
166,11,40.0,71,48.0,0.6060606060606061,1.775,0.676056338028169,supercritical
166,12,71.0,48,54.0,1.775,0.676056338028169,1.125,extinguished
166,13,48.0,54,53.0,0.676056338028169,1.125,0.9814814814814816,supercritical
166,14,54.0,53,53.0,1.125,0.9814814814814816,1.0,equilibrium
166,15,53.0,53,44.0,0.9814814814814816,1.0,0.8301886792452831,equilibrium
166,16,53.0,44,59.0,1.0,0.8301886792452831,1.3409090909090908,extinguished
166,17,44.0,59,52.0,0.8301886792452831,1.3409090909090908,0.8813559322033898,supercritical
166,18,59.0,52,47.0,1.3409090909090908,0.8813559322033898,0.903846153846154,extinguished
166,19,52.0,47,-1.0,0.8813559322033898,0.903846153846154,-1.0,extinguished
167,0,-1.0,5,8.0,-1.0,-1.0,1.6,initial
167,1,5.0,8,23.0,-1.0,1.6,2.875,supercritical
167,2,8.0,23,30.0,1.6,2.875,1.3043478260869563,supercritical
167,3,23.0,30,51.0,2.875,1.3043478260869563,1.7,supercritical
167,4,30.0,51,40.0,1.3043478260869563,1.7,0.7843137254901961,supercritical
167,5,51.0,40,47.0,1.7,0.7843137254901961,1.175,extinguished
167,6,40.0,47,84.0,0.7843137254901961,1.175,1.7872340425531914,supercritical
167,7,47.0,84,58.0,1.175,1.7872340425531914,0.6904761904761905,supercritical
167,8,84.0,58,36.0,1.7872340425531914,0.6904761904761905,0.6206896551724138,extinguished
167,9,58.0,36,54.0,0.6904761904761905,0.6206896551724138,1.5,extinguished
167,10,36.0,54,75.0,0.6206896551724138,1.5,1.3888888888888888,supercritical
167,11,54.0,75,46.0,1.5,1.3888888888888888,0.6133333333333333,supercritical
167,12,75.0,46,54.0,1.3888888888888888,0.6133333333333333,1.173913043478261,extinguished
167,13,46.0,54,65.0,0.6133333333333333,1.173913043478261,1.2037037037037035,supercritical
167,14,54.0,65,44.0,1.173913043478261,1.2037037037037035,0.676923076923077,supercritical
167,15,65.0,44,51.0,1.2037037037037035,0.676923076923077,1.1590909090909092,extinguished
167,16,44.0,51,48.0,0.676923076923077,1.1590909090909092,0.9411764705882352,supercritical
167,17,51.0,48,67.0,1.1590909090909092,0.9411764705882352,1.3958333333333333,extinguished
167,18,48.0,67,36.0,0.9411764705882352,1.3958333333333333,0.5373134328358209,supercritical
167,19,67.0,36,-1.0,1.3958333333333333,0.5373134328358209,-1.0,extinguished
168,0,-1.0,3,2.0,-1.0,-1.0,0.6666666666666666,initial
168,1,3.0,2,2.0,-1.0,0.6666666666666666,1.0,extinguished
168,2,2.0,2,1.0,0.6666666666666666,1.0,0.5,equilibrium
168,3,2.0,1,4.0,1.0,0.5,4.0,extinguished
168,4,1.0,4,8.0,0.5,4.0,2.0,supercritical
168,5,4.0,8,11.0,4.0,2.0,1.375,supercritical
168,6,8.0,11,17.0,2.0,1.375,1.5454545454545454,supercritical
168,7,11.0,17,26.0,1.375,1.5454545454545454,1.5294117647058822,supercritical
168,8,17.0,26,35.0,1.5454545454545454,1.5294117647058822,1.3461538461538465,supercritical
168,9,26.0,35,44.0,1.5294117647058822,1.3461538461538465,1.2571428571428571,supercritical
168,10,35.0,44,48.0,1.3461538461538465,1.2571428571428571,1.0909090909090908,supercritical
168,11,44.0,48,37.0,1.2571428571428571,1.0909090909090908,0.7708333333333334,supercritical
168,12,48.0,37,26.0,1.0909090909090908,0.7708333333333334,0.7027027027027027,extinguished
168,13,37.0,26,26.0,0.7708333333333334,0.7027027027027027,1.0,extinguished
168,14,26.0,26,28.0,0.7027027027027027,1.0,1.0769230769230769,equilibrium
168,15,26.0,28,35.0,1.0,1.0769230769230769,1.25,supercritical
168,16,28.0,35,37.0,1.0769230769230769,1.25,1.0571428571428572,supercritical
168,17,35.0,37,39.0,1.25,1.0571428571428572,1.054054054054054,supercritical
168,18,37.0,39,39.0,1.0571428571428572,1.054054054054054,1.0,supercritical
168,19,39.0,39,-1.0,1.054054054054054,1.0,-1.0,equilibrium
169,0,-1.0,4,11.0,-1.0,-1.0,2.75,initial
169,1,4.0,11,30.0,-1.0,2.75,2.727272727272727,supercritical
169,2,11.0,30,45.0,2.75,2.727272727272727,1.5,supercritical
169,3,30.0,45,50.0,2.727272727272727,1.5,1.1111111111111112,supercritical
169,4,45.0,50,38.0,1.5,1.1111111111111112,0.76,supercritical
169,5,50.0,38,57.0,1.1111111111111112,0.76,1.5,extinguished
169,6,38.0,57,51.0,0.76,1.5,0.8947368421052632,supercritical
169,7,57.0,51,50.0,1.5,0.8947368421052632,0.9803921568627452,extinguished
169,8,51.0,50,38.0,0.8947368421052632,0.9803921568627452,0.76,equilibrium
169,9,50.0,38,46.0,0.9803921568627452,0.76,1.2105263157894737,extinguished
169,10,38.0,46,43.0,0.76,1.2105263157894737,0.9347826086956522,supercritical
169,11,46.0,43,53.0,1.2105263157894737,0.9347826086956522,1.2325581395348837,extinguished
169,12,43.0,53,51.0,0.9347826086956522,1.2325581395348837,0.9622641509433962,supercritical
169,13,53.0,51,27.0,1.2325581395348837,0.9622641509433962,0.5294117647058824,equilibrium
169,14,51.0,27,32.0,0.9622641509433962,0.5294117647058824,1.1851851851851851,extinguished
169,15,27.0,32,49.0,0.5294117647058824,1.1851851851851851,1.53125,supercritical
169,16,32.0,49,42.0,1.1851851851851851,1.53125,0.8571428571428571,supercritical
169,17,49.0,42,33.0,1.53125,0.8571428571428571,0.7857142857142857,extinguished
169,18,42.0,33,46.0,0.8571428571428571,0.7857142857142857,1.393939393939394,extinguished
169,19,33.0,46,-1.0,0.7857142857142857,1.393939393939394,-1.0,supercritical
170,0,-1.0,4,7.0,-1.0,-1.0,1.75,initial
170,1,4.0,7,9.0,-1.0,1.75,1.2857142857142858,supercritical
170,2,7.0,9,19.0,1.75,1.2857142857142858,2.111111111111111,supercritical
170,3,9.0,19,35.0,1.2857142857142858,2.111111111111111,1.8421052631578947,supercritical
170,4,19.0,35,47.0,2.111111111111111,1.8421052631578947,1.3428571428571427,supercritical
170,5,35.0,47,39.0,1.8421052631578947,1.3428571428571427,0.8297872340425532,supercritical
170,6,47.0,39,39.0,1.3428571428571427,0.8297872340425532,1.0,extinguished
170,7,39.0,39,38.0,0.8297872340425532,1.0,0.9743589743589745,equilibrium
170,8,39.0,38,51.0,1.0,0.9743589743589745,1.3421052631578947,equilibrium
170,9,38.0,51,32.0,0.9743589743589745,1.3421052631578947,0.6274509803921569,supercritical
170,10,51.0,32,33.0,1.3421052631578947,0.6274509803921569,1.03125,extinguished
170,11,32.0,33,50.0,0.6274509803921569,1.03125,1.5151515151515151,equilibrium
170,12,33.0,50,64.0,1.03125,1.5151515151515151,1.28,supercritical
170,13,50.0,64,48.0,1.5151515151515151,1.28,0.75,supercritical
170,14,64.0,48,40.0,1.28,0.75,0.8333333333333334,extinguished
170,15,48.0,40,54.0,0.75,0.8333333333333334,1.35,extinguished
170,16,40.0,54,38.0,0.8333333333333334,1.35,0.7037037037037037,supercritical
170,17,54.0,38,52.0,1.35,0.7037037037037037,1.368421052631579,extinguished
170,18,38.0,52,45.0,0.7037037037037037,1.368421052631579,0.8653846153846154,supercritical
170,19,52.0,45,-1.0,1.368421052631579,0.8653846153846154,-1.0,extinguished
171,0,-1.0,1,1.0,-1.0,-1.0,1.0,initial
171,1,1.0,1,1.0,-1.0,1.0,1.0,equilibrium
171,2,1.0,1,3.0,1.0,1.0,3.0,equilibrium
171,3,1.0,3,5.0,1.0,3.0,1.6666666666666667,supercritical
171,4,3.0,5,7.0,3.0,1.6666666666666667,1.4,supercritical
171,5,5.0,7,17.0,1.6666666666666667,1.4,2.4285714285714284,supercritical
171,6,7.0,17,35.0,1.4,2.4285714285714284,2.0588235294117645,supercritical
171,7,17.0,35,41.0,2.4285714285714284,2.0588235294117645,1.1714285714285717,supercritical
171,8,35.0,41,62.0,2.0588235294117645,1.1714285714285717,1.5121951219512195,supercritical
171,9,41.0,62,44.0,1.1714285714285717,1.5121951219512195,0.7096774193548387,supercritical
171,10,62.0,44,58.0,1.5121951219512195,0.7096774193548387,1.318181818181818,extinguished
171,11,44.0,58,51.0,0.7096774193548387,1.318181818181818,0.8793103448275862,supercritical
171,12,58.0,51,60.0,1.318181818181818,0.8793103448275862,1.1764705882352942,extinguished
171,13,51.0,60,31.0,0.8793103448275862,1.1764705882352942,0.5166666666666667,supercritical
171,14,60.0,31,55.0,1.1764705882352942,0.5166666666666667,1.7741935483870968,extinguished
171,15,31.0,55,31.0,0.5166666666666667,1.7741935483870968,0.5636363636363636,supercritical
171,16,55.0,31,45.0,1.7741935483870968,0.5636363636363636,1.4516129032258065,extinguished
171,17,31.0,45,55.0,0.5636363636363636,1.4516129032258065,1.2222222222222223,supercritical
171,18,45.0,55,70.0,1.4516129032258065,1.2222222222222223,1.2727272727272727,supercritical
171,19,55.0,70,-1.0,1.2222222222222223,1.2727272727272727,-1.0,supercritical
172,0,-1.0,4,7.0,-1.0,-1.0,1.75,initial
172,1,4.0,7,17.0,-1.0,1.75,2.4285714285714284,supercritical
172,2,7.0,17,39.0,1.75,2.4285714285714284,2.294117647058824,supercritical
172,3,17.0,39,56.0,2.4285714285714284,2.294117647058824,1.435897435897436,supercritical
172,4,39.0,56,42.0,2.294117647058824,1.435897435897436,0.75,supercritical
172,5,56.0,42,62.0,1.435897435897436,0.75,1.4761904761904765,extinguished
172,6,42.0,62,59.0,0.75,1.4761904761904765,0.9516129032258064,supercritical
172,7,62.0,59,65.0,1.4761904761904765,0.9516129032258064,1.1016949152542372,equilibrium
172,8,59.0,65,48.0,0.9516129032258064,1.1016949152542372,0.7384615384615385,supercritical
172,9,65.0,48,32.0,1.1016949152542372,0.7384615384615385,0.6666666666666666,extinguished
172,10,48.0,32,48.0,0.7384615384615385,0.6666666666666666,1.5,extinguished
172,11,32.0,48,56.0,0.6666666666666666,1.5,1.1666666666666667,supercritical
172,12,48.0,56,61.0,1.5,1.1666666666666667,1.0892857142857142,supercritical
172,13,56.0,61,58.0,1.1666666666666667,1.0892857142857142,0.9508196721311476,supercritical
172,14,61.0,58,37.0,1.0892857142857142,0.9508196721311476,0.6379310344827587,equilibrium
172,15,58.0,37,45.0,0.9508196721311476,0.6379310344827587,1.2162162162162162,extinguished
172,16,37.0,45,65.0,0.6379310344827587,1.2162162162162162,1.4444444444444444,supercritical
172,17,45.0,65,56.0,1.2162162162162162,1.4444444444444444,0.8615384615384616,supercritical
172,18,65.0,56,45.0,1.4444444444444444,0.8615384615384616,0.8035714285714286,extinguished
172,19,56.0,45,-1.0,0.8615384615384616,0.8035714285714286,-1.0,extinguished
173,0,-1.0,1,4.0,-1.0,-1.0,4.0,initial
173,1,1.0,4,5.0,-1.0,4.0,1.25,supercritical
173,2,4.0,5,12.0,4.0,1.25,2.4,supercritical
173,3,5.0,12,15.0,1.25,2.4,1.25,supercritical
173,4,12.0,15,25.0,2.4,1.25,1.6666666666666667,supercritical
173,5,15.0,25,30.0,1.25,1.6666666666666667,1.2,supercritical
173,6,25.0,30,61.0,1.6666666666666667,1.2,2.033333333333333,supercritical
173,7,30.0,61,66.0,1.2,2.033333333333333,1.0819672131147542,supercritical
173,8,61.0,66,45.0,2.033333333333333,1.0819672131147542,0.6818181818181818,supercritical
173,9,66.0,45,44.0,1.0819672131147542,0.6818181818181818,0.9777777777777776,extinguished
173,10,45.0,44,42.0,0.6818181818181818,0.9777777777777776,0.9545454545454546,equilibrium
173,11,44.0,42,42.0,0.9777777777777776,0.9545454545454546,1.0,equilibrium
173,12,42.0,42,55.0,0.9545454545454546,1.0,1.3095238095238095,equilibrium
173,13,42.0,55,39.0,1.0,1.3095238095238095,0.7090909090909091,supercritical
173,14,55.0,39,40.0,1.3095238095238095,0.7090909090909091,1.0256410256410255,extinguished
173,15,39.0,40,40.0,0.7090909090909091,1.0256410256410255,1.0,equilibrium
173,16,40.0,40,44.0,1.0256410256410255,1.0,1.1,equilibrium
173,17,40.0,44,64.0,1.0,1.1,1.4545454545454546,supercritical
173,18,44.0,64,60.0,1.1,1.4545454545454546,0.9375,supercritical
173,19,64.0,60,-1.0,1.4545454545454546,0.9375,-1.0,extinguished
174,0,-1.0,1,2.0,-1.0,-1.0,2.0,initial
174,1,1.0,2,5.0,-1.0,2.0,2.5,supercritical
174,2,2.0,5,6.0,2.0,2.5,1.2,supercritical
174,3,5.0,6,6.0,2.5,1.2,1.0,supercritical
174,4,6.0,6,9.0,1.2,1.0,1.5,equilibrium
174,5,6.0,9,13.0,1.0,1.5,1.4444444444444444,supercritical
174,6,9.0,13,20.0,1.5,1.4444444444444444,1.5384615384615383,supercritical
174,7,13.0,20,28.0,1.4444444444444444,1.5384615384615383,1.4,supercritical
174,8,20.0,28,44.0,1.5384615384615383,1.4,1.5714285714285714,supercritical
174,9,28.0,44,56.0,1.4,1.5714285714285714,1.2727272727272727,supercritical
174,10,44.0,56,68.0,1.5714285714285714,1.2727272727272727,1.2142857142857142,supercritical
174,11,56.0,68,45.0,1.2727272727272727,1.2142857142857142,0.6617647058823529,supercritical
174,12,68.0,45,49.0,1.2142857142857142,0.6617647058823529,1.0888888888888888,extinguished
174,13,45.0,49,64.0,0.6617647058823529,1.0888888888888888,1.3061224489795915,supercritical
174,14,49.0,64,48.0,1.0888888888888888,1.3061224489795915,0.75,supercritical
174,15,64.0,48,60.0,1.3061224489795915,0.75,1.25,extinguished
174,16,48.0,60,47.0,0.75,1.25,0.7833333333333333,supercritical
174,17,60.0,47,60.0,1.25,0.7833333333333333,1.2765957446808511,extinguished
174,18,47.0,60,43.0,0.7833333333333333,1.2765957446808511,0.7166666666666667,supercritical
174,19,60.0,43,-1.0,1.2765957446808511,0.7166666666666667,-1.0,extinguished
175,0,-1.0,3,8.0,-1.0,-1.0,2.6666666666666665,initial
175,1,3.0,8,17.0,-1.0,2.6666666666666665,2.125,supercritical
175,2,8.0,17,25.0,2.6666666666666665,2.125,1.4705882352941178,supercritical
175,3,17.0,25,41.0,2.125,1.4705882352941178,1.64,supercritical
175,4,25.0,41,48.0,1.4705882352941178,1.64,1.170731707317073,supercritical
175,5,41.0,48,45.0,1.64,1.170731707317073,0.9375,supercritical
175,6,48.0,45,62.0,1.170731707317073,0.9375,1.3777777777777778,extinguished
175,7,45.0,62,46.0,0.9375,1.3777777777777778,0.7419354838709677,supercritical
175,8,62.0,46,69.0,1.3777777777777778,0.7419354838709677,1.5,extinguished
175,9,46.0,69,51.0,0.7419354838709677,1.5,0.7391304347826086,supercritical
175,10,69.0,51,42.0,1.5,0.7391304347826086,0.8235294117647058,extinguished
175,11,51.0,42,38.0,0.7391304347826086,0.8235294117647058,0.9047619047619048,extinguished
175,12,42.0,38,44.0,0.8235294117647058,0.9047619047619048,1.1578947368421053,extinguished
175,13,38.0,44,56.0,0.9047619047619048,1.1578947368421053,1.2727272727272727,supercritical
175,14,44.0,56,39.0,1.1578947368421053,1.2727272727272727,0.6964285714285714,supercritical
175,15,56.0,39,50.0,1.2727272727272727,0.6964285714285714,1.2820512820512822,extinguished
175,16,39.0,50,48.0,0.6964285714285714,1.2820512820512822,0.96,supercritical
175,17,50.0,48,51.0,1.2820512820512822,0.96,1.0625,equilibrium
175,18,48.0,51,43.0,0.96,1.0625,0.8431372549019608,supercritical
175,19,51.0,43,-1.0,1.0625,0.8431372549019608,-1.0,extinguished
176,0,-1.0,5,10.0,-1.0,-1.0,2.0,initial
176,1,5.0,10,12.0,-1.0,2.0,1.2,supercritical
176,2,10.0,12,19.0,2.0,1.2,1.5833333333333333,supercritical
176,3,12.0,19,25.0,1.2,1.5833333333333333,1.3157894736842106,supercritical
176,4,19.0,25,42.0,1.5833333333333333,1.3157894736842106,1.68,supercritical
176,5,25.0,42,57.0,1.3157894736842106,1.68,1.3571428571428572,supercritical
176,6,42.0,57,64.0,1.68,1.3571428571428572,1.1228070175438596,supercritical
176,7,57.0,64,56.0,1.3571428571428572,1.1228070175438596,0.875,supercritical
176,8,64.0,56,49.0,1.1228070175438596,0.875,0.875,extinguished
176,9,56.0,49,60.0,0.875,0.875,1.2244897959183674,extinguished
176,10,49.0,60,46.0,0.875,1.2244897959183674,0.7666666666666667,supercritical
176,11,60.0,46,36.0,1.2244897959183674,0.7666666666666667,0.782608695652174,extinguished
176,12,46.0,36,27.0,0.7666666666666667,0.782608695652174,0.75,extinguished
176,13,36.0,27,40.0,0.782608695652174,0.75,1.4814814814814814,extinguished
176,14,27.0,40,32.0,0.75,1.4814814814814814,0.8,supercritical
176,15,40.0,32,53.0,1.4814814814814814,0.8,1.65625,extinguished
176,16,32.0,53,63.0,0.8,1.65625,1.1886792452830188,supercritical
176,17,53.0,63,64.0,1.65625,1.1886792452830188,1.0158730158730158,supercritical
176,18,63.0,64,44.0,1.1886792452830188,1.0158730158730158,0.6875,equilibrium
176,19,64.0,44,-1.0,1.0158730158730158,0.6875,-1.0,extinguished
177,0,-1.0,2,6.0,-1.0,-1.0,3.0,initial
177,1,2.0,6,13.0,-1.0,3.0,2.1666666666666665,supercritical
177,2,6.0,13,21.0,3.0,2.1666666666666665,1.6153846153846154,supercritical
177,3,13.0,21,39.0,2.1666666666666665,1.6153846153846154,1.8571428571428568,supercritical
177,4,21.0,39,48.0,1.6153846153846154,1.8571428571428568,1.2307692307692308,supercritical
177,5,39.0,48,55.0,1.8571428571428568,1.2307692307692308,1.1458333333333333,supercritical
177,6,48.0,55,52.0,1.2307692307692308,1.1458333333333333,0.9454545454545454,supercritical
177,7,55.0,52,55.0,1.1458333333333333,0.9454545454545454,1.0576923076923077,extinguished
177,8,52.0,55,52.0,0.9454545454545454,1.0576923076923077,0.9454545454545454,supercritical
177,9,55.0,52,60.0,1.0576923076923077,0.9454545454545454,1.1538461538461535,extinguished
177,10,52.0,60,59.0,0.9454545454545454,1.1538461538461535,0.9833333333333332,supercritical
177,11,60.0,59,38.0,1.1538461538461535,0.9833333333333332,0.6440677966101694,equilibrium
177,12,59.0,38,63.0,0.9833333333333332,0.6440677966101694,1.6578947368421053,extinguished
177,13,38.0,63,32.0,0.6440677966101694,1.6578947368421053,0.5079365079365079,supercritical
177,14,63.0,32,58.0,1.6578947368421053,0.5079365079365079,1.8125,extinguished
177,15,32.0,58,67.0,0.5079365079365079,1.8125,1.1551724137931034,supercritical
177,16,58.0,67,36.0,1.8125,1.1551724137931034,0.5373134328358209,supercritical
177,17,67.0,36,76.0,1.1551724137931034,0.5373134328358209,2.111111111111111,extinguished
177,18,36.0,76,36.0,0.5373134328358209,2.111111111111111,0.4736842105263157,supercritical
177,19,76.0,36,-1.0,2.111111111111111,0.4736842105263157,-1.0,extinguished
178,0,-1.0,3,7.0,-1.0,-1.0,2.333333333333333,initial
178,1,3.0,7,10.0,-1.0,2.333333333333333,1.4285714285714286,supercritical
178,2,7.0,10,15.0,2.333333333333333,1.4285714285714286,1.5,supercritical
178,3,10.0,15,29.0,1.4285714285714286,1.5,1.933333333333333,supercritical
178,4,15.0,29,32.0,1.5,1.933333333333333,1.103448275862069,supercritical
178,5,29.0,32,52.0,1.933333333333333,1.103448275862069,1.625,supercritical
178,6,32.0,52,50.0,1.103448275862069,1.625,0.9615384615384616,supercritical
178,7,52.0,50,54.0,1.625,0.9615384615384616,1.08,equilibrium
178,8,50.0,54,45.0,0.9615384615384616,1.08,0.8333333333333334,supercritical
178,9,54.0,45,43.0,1.08,0.8333333333333334,0.9555555555555556,extinguished
178,10,45.0,43,47.0,0.8333333333333334,0.9555555555555556,1.0930232558139534,equilibrium
178,11,43.0,47,44.0,0.9555555555555556,1.0930232558139534,0.9361702127659576,supercritical
178,12,47.0,44,49.0,1.0930232558139534,0.9361702127659576,1.1136363636363635,extinguished
178,13,44.0,49,67.0,0.9361702127659576,1.1136363636363635,1.3673469387755102,supercritical
178,14,49.0,67,32.0,1.1136363636363635,1.3673469387755102,0.4776119402985074,supercritical
178,15,67.0,32,42.0,1.3673469387755102,0.4776119402985074,1.3125,extinguished
178,16,32.0,42,41.0,0.4776119402985074,1.3125,0.9761904761904762,supercritical
178,17,42.0,41,52.0,1.3125,0.9761904761904762,1.2682926829268293,equilibrium
178,18,41.0,52,63.0,0.9761904761904762,1.2682926829268293,1.2115384615384617,supercritical
178,19,52.0,63,-1.0,1.2682926829268293,1.2115384615384617,-1.0,supercritical
179,0,-1.0,4,6.0,-1.0,-1.0,1.5,initial
179,1,4.0,6,10.0,-1.0,1.5,1.6666666666666667,supercritical
179,2,6.0,10,21.0,1.5,1.6666666666666667,2.1,supercritical
179,3,10.0,21,33.0,1.6666666666666667,2.1,1.5714285714285714,supercritical
179,4,21.0,33,49.0,2.1,1.5714285714285714,1.4848484848484849,supercritical
179,5,33.0,49,32.0,1.5714285714285714,1.4848484848484849,0.6530612244897959,supercritical
179,6,49.0,32,50.0,1.4848484848484849,0.6530612244897959,1.5625,extinguished
179,7,32.0,50,53.0,0.6530612244897959,1.5625,1.06,supercritical
179,8,50.0,53,54.0,1.5625,1.06,1.018867924528302,supercritical
179,9,53.0,54,61.0,1.06,1.018867924528302,1.1296296296296295,equilibrium
179,10,54.0,61,40.0,1.018867924528302,1.1296296296296295,0.6557377049180327,supercritical
179,11,61.0,40,42.0,1.1296296296296295,0.6557377049180327,1.05,extinguished
179,12,40.0,42,44.0,0.6557377049180327,1.05,1.0476190476190477,equilibrium
179,13,42.0,44,34.0,1.05,1.0476190476190477,0.7727272727272727,equilibrium
179,14,44.0,34,33.0,1.0476190476190477,0.7727272727272727,0.9705882352941176,extinguished
179,15,34.0,33,40.0,0.7727272727272727,0.9705882352941176,1.2121212121212122,equilibrium
179,16,33.0,40,46.0,0.9705882352941176,1.2121212121212122,1.15,supercritical
179,17,40.0,46,46.0,1.2121212121212122,1.15,1.0,supercritical
179,18,46.0,46,57.0,1.15,1.0,1.2391304347826086,equilibrium
179,19,46.0,57,-1.0,1.0,1.2391304347826086,-1.0,supercritical
180,0,-1.0,3,9.0,-1.0,-1.0,3.0,initial
180,1,3.0,9,10.0,-1.0,3.0,1.1111111111111112,supercritical
180,2,9.0,10,17.0,3.0,1.1111111111111112,1.7,supercritical
180,3,10.0,17,33.0,1.1111111111111112,1.7,1.9411764705882355,supercritical
180,4,17.0,33,53.0,1.7,1.9411764705882355,1.606060606060606,supercritical
180,5,33.0,53,44.0,1.9411764705882355,1.606060606060606,0.8301886792452831,supercritical
180,6,53.0,44,58.0,1.606060606060606,0.8301886792452831,1.318181818181818,extinguished
180,7,44.0,58,59.0,0.8301886792452831,1.318181818181818,1.0172413793103448,supercritical
180,8,58.0,59,48.0,1.318181818181818,1.0172413793103448,0.8135593220338984,equilibrium
180,9,59.0,48,60.0,1.0172413793103448,0.8135593220338984,1.25,extinguished
180,10,48.0,60,54.0,0.8135593220338984,1.25,0.9,supercritical
180,11,60.0,54,68.0,1.25,0.9,1.2592592592592593,extinguished
180,12,54.0,68,46.0,0.9,1.2592592592592593,0.6764705882352942,supercritical
180,13,68.0,46,56.0,1.2592592592592593,0.6764705882352942,1.2173913043478262,extinguished
180,14,46.0,56,56.0,0.6764705882352942,1.2173913043478262,1.0,supercritical
180,15,56.0,56,77.0,1.2173913043478262,1.0,1.375,equilibrium
180,16,56.0,77,24.0,1.0,1.375,0.3116883116883117,supercritical
180,17,77.0,24,44.0,1.375,0.3116883116883117,1.8333333333333333,extinguished
180,18,24.0,44,45.0,0.3116883116883117,1.8333333333333333,1.0227272727272727,supercritical
180,19,44.0,45,-1.0,1.8333333333333333,1.0227272727272727,-1.0,equilibrium
181,0,-1.0,3,8.0,-1.0,-1.0,2.6666666666666665,initial
181,1,3.0,8,17.0,-1.0,2.6666666666666665,2.125,supercritical
181,2,8.0,17,26.0,2.6666666666666665,2.125,1.5294117647058822,supercritical
181,3,17.0,26,43.0,2.125,1.5294117647058822,1.6538461538461535,supercritical
181,4,26.0,43,47.0,1.5294117647058822,1.6538461538461535,1.0930232558139534,supercritical
181,5,43.0,47,68.0,1.6538461538461535,1.0930232558139534,1.446808510638298,supercritical
181,6,47.0,68,39.0,1.0930232558139534,1.446808510638298,0.5735294117647058,supercritical
181,7,68.0,39,61.0,1.446808510638298,0.5735294117647058,1.564102564102564,extinguished
181,8,39.0,61,53.0,0.5735294117647058,1.564102564102564,0.8688524590163934,supercritical
181,9,61.0,53,39.0,1.564102564102564,0.8688524590163934,0.7358490566037735,extinguished
181,10,53.0,39,38.0,0.8688524590163934,0.7358490566037735,0.9743589743589745,extinguished
181,11,39.0,38,57.0,0.7358490566037735,0.9743589743589745,1.5,equilibrium
181,12,38.0,57,46.0,0.9743589743589745,1.5,0.8070175438596491,supercritical
181,13,57.0,46,51.0,1.5,0.8070175438596491,1.108695652173913,extinguished
181,14,46.0,51,47.0,0.8070175438596491,1.108695652173913,0.9215686274509804,supercritical
181,15,51.0,47,61.0,1.108695652173913,0.9215686274509804,1.297872340425532,extinguished
181,16,47.0,61,50.0,0.9215686274509804,1.297872340425532,0.819672131147541,supercritical
181,17,61.0,50,45.0,1.297872340425532,0.819672131147541,0.9,extinguished
181,18,50.0,45,41.0,0.819672131147541,0.9,0.9111111111111112,extinguished
181,19,45.0,41,-1.0,0.9,0.9111111111111112,-1.0,extinguished
182,0,-1.0,5,7.0,-1.0,-1.0,1.4,initial
182,1,5.0,7,13.0,-1.0,1.4,1.8571428571428568,supercritical
182,2,7.0,13,22.0,1.4,1.8571428571428568,1.6923076923076923,supercritical
182,3,13.0,22,29.0,1.8571428571428568,1.6923076923076923,1.318181818181818,supercritical
182,4,22.0,29,57.0,1.6923076923076923,1.318181818181818,1.9655172413793105,supercritical
182,5,29.0,57,38.0,1.318181818181818,1.9655172413793105,0.6666666666666666,supercritical
182,6,57.0,38,37.0,1.9655172413793105,0.6666666666666666,0.9736842105263158,extinguished
182,7,38.0,37,50.0,0.6666666666666666,0.9736842105263158,1.351351351351351,equilibrium
182,8,37.0,50,40.0,0.9736842105263158,1.351351351351351,0.8,supercritical
182,9,50.0,40,40.0,1.351351351351351,0.8,1.0,extinguished
182,10,40.0,40,49.0,0.8,1.0,1.225,equilibrium
182,11,40.0,49,39.0,1.0,1.225,0.7959183673469388,supercritical
182,12,49.0,39,52.0,1.225,0.7959183673469388,1.3333333333333333,extinguished
182,13,39.0,52,37.0,0.7959183673469388,1.3333333333333333,0.7115384615384616,supercritical
182,14,52.0,37,41.0,1.3333333333333333,0.7115384615384616,1.108108108108108,extinguished
182,15,37.0,41,27.0,0.7115384615384616,1.108108108108108,0.6585365853658537,supercritical
182,16,41.0,27,26.0,1.108108108108108,0.6585365853658537,0.9629629629629628,extinguished
182,17,27.0,26,32.0,0.6585365853658537,0.9629629629629628,1.2307692307692308,equilibrium
182,18,26.0,32,47.0,0.9629629629629628,1.2307692307692308,1.46875,supercritical
182,19,32.0,47,-1.0,1.2307692307692308,1.46875,-1.0,supercritical
183,0,-1.0,4,9.0,-1.0,-1.0,2.25,initial
183,1,4.0,9,14.0,-1.0,2.25,1.5555555555555556,supercritical
183,2,9.0,14,29.0,2.25,1.5555555555555556,2.071428571428572,supercritical
183,3,14.0,29,37.0,1.5555555555555556,2.071428571428572,1.2758620689655171,supercritical
183,4,29.0,37,39.0,2.071428571428572,1.2758620689655171,1.054054054054054,supercritical
183,5,37.0,39,40.0,1.2758620689655171,1.054054054054054,1.0256410256410255,supercritical
183,6,39.0,40,57.0,1.054054054054054,1.0256410256410255,1.425,equilibrium
183,7,40.0,57,65.0,1.0256410256410255,1.425,1.1403508771929824,supercritical
183,8,57.0,65,46.0,1.425,1.1403508771929824,0.7076923076923077,supercritical
183,9,65.0,46,44.0,1.1403508771929824,0.7076923076923077,0.9565217391304348,extinguished
183,10,46.0,44,33.0,0.7076923076923077,0.9565217391304348,0.75,equilibrium
183,11,44.0,33,68.0,0.9565217391304348,0.75,2.060606060606061,extinguished
183,12,33.0,68,68.0,0.75,2.060606060606061,1.0,supercritical
183,13,68.0,68,56.0,2.060606060606061,1.0,0.8235294117647058,equilibrium
183,14,68.0,56,54.0,1.0,0.8235294117647058,0.9642857142857144,extinguished
183,15,56.0,54,61.0,0.8235294117647058,0.9642857142857144,1.1296296296296295,equilibrium
183,16,54.0,61,55.0,0.9642857142857144,1.1296296296296295,0.9016393442622952,supercritical
183,17,61.0,55,71.0,1.1296296296296295,0.9016393442622952,1.290909090909091,extinguished
183,18,55.0,71,32.0,0.9016393442622952,1.290909090909091,0.4507042253521127,supercritical
183,19,71.0,32,-1.0,1.290909090909091,0.4507042253521127,-1.0,extinguished
184,0,-1.0,1,6.0,-1.0,-1.0,6.0,initial
184,1,1.0,6,15.0,-1.0,6.0,2.5,supercritical
184,2,6.0,15,33.0,6.0,2.5,2.2,supercritical
184,3,15.0,33,53.0,2.5,2.2,1.606060606060606,supercritical
184,4,33.0,53,43.0,2.2,1.606060606060606,0.8113207547169812,supercritical
184,5,53.0,43,60.0,1.606060606060606,0.8113207547169812,1.3953488372093024,extinguished
184,6,43.0,60,46.0,0.8113207547169812,1.3953488372093024,0.7666666666666667,supercritical
184,7,60.0,46,40.0,1.3953488372093024,0.7666666666666667,0.8695652173913043,extinguished
184,8,46.0,40,35.0,0.7666666666666667,0.8695652173913043,0.875,extinguished
184,9,40.0,35,43.0,0.8695652173913043,0.875,1.2285714285714286,extinguished
184,10,35.0,43,45.0,0.875,1.2285714285714286,1.0465116279069768,supercritical
184,11,43.0,45,45.0,1.2285714285714286,1.0465116279069768,1.0,equilibrium
184,12,45.0,45,38.0,1.0465116279069768,1.0,0.8444444444444444,equilibrium
184,13,45.0,38,49.0,1.0,0.8444444444444444,1.2894736842105263,extinguished
184,14,38.0,49,47.0,0.8444444444444444,1.2894736842105263,0.9591836734693876,supercritical
184,15,49.0,47,61.0,1.2894736842105263,0.9591836734693876,1.297872340425532,equilibrium
184,16,47.0,61,52.0,0.9591836734693876,1.297872340425532,0.8524590163934426,supercritical
184,17,61.0,52,50.0,1.297872340425532,0.8524590163934426,0.9615384615384616,extinguished
184,18,52.0,50,56.0,0.8524590163934426,0.9615384615384616,1.12,equilibrium
184,19,50.0,56,-1.0,0.9615384615384616,1.12,-1.0,supercritical
185,0,-1.0,5,12.0,-1.0,-1.0,2.4,initial
185,1,5.0,12,17.0,-1.0,2.4,1.4166666666666667,supercritical
185,2,12.0,17,29.0,2.4,1.4166666666666667,1.7058823529411764,supercritical
185,3,17.0,29,56.0,1.4166666666666667,1.7058823529411764,1.9310344827586208,supercritical
185,4,29.0,56,36.0,1.7058823529411764,1.9310344827586208,0.6428571428571429,supercritical
185,5,56.0,36,57.0,1.9310344827586208,0.6428571428571429,1.5833333333333333,extinguished
185,6,36.0,57,56.0,0.6428571428571429,1.5833333333333333,0.9824561403508772,supercritical
185,7,57.0,56,69.0,1.5833333333333333,0.9824561403508772,1.2321428571428572,equilibrium
185,8,56.0,69,49.0,0.9824561403508772,1.2321428571428572,0.7101449275362319,supercritical
185,9,69.0,49,51.0,1.2321428571428572,0.7101449275362319,1.0408163265306123,extinguished
185,10,49.0,51,48.0,0.7101449275362319,1.0408163265306123,0.9411764705882352,equilibrium
185,11,51.0,48,65.0,1.0408163265306123,0.9411764705882352,1.3541666666666667,extinguished
185,12,48.0,65,41.0,0.9411764705882352,1.3541666666666667,0.6307692307692307,supercritical
185,13,65.0,41,55.0,1.3541666666666667,0.6307692307692307,1.3414634146341464,extinguished
185,14,41.0,55,59.0,0.6307692307692307,1.3414634146341464,1.0727272727272728,supercritical
185,15,55.0,59,34.0,1.3414634146341464,1.0727272727272728,0.576271186440678,supercritical
185,16,59.0,34,51.0,1.0727272727272728,0.576271186440678,1.5,extinguished
185,17,34.0,51,53.0,0.576271186440678,1.5,1.03921568627451,supercritical
185,18,51.0,53,44.0,1.5,1.03921568627451,0.8301886792452831,equilibrium
185,19,53.0,44,-1.0,1.03921568627451,0.8301886792452831,-1.0,extinguished
186,0,-1.0,4,7.0,-1.0,-1.0,1.75,initial
186,1,4.0,7,11.0,-1.0,1.75,1.5714285714285714,supercritical
186,2,7.0,11,16.0,1.75,1.5714285714285714,1.4545454545454546,supercritical
186,3,11.0,16,22.0,1.5714285714285714,1.4545454545454546,1.375,supercritical
186,4,16.0,22,31.0,1.4545454545454546,1.375,1.4090909090909092,supercritical
186,5,22.0,31,32.0,1.375,1.4090909090909092,1.032258064516129,supercritical
186,6,31.0,32,58.0,1.4090909090909092,1.032258064516129,1.8125,equilibrium
186,7,32.0,58,56.0,1.032258064516129,1.8125,0.9655172413793104,supercritical
186,8,58.0,56,52.0,1.8125,0.9655172413793104,0.9285714285714286,equilibrium
186,9,56.0,52,49.0,0.9655172413793104,0.9285714285714286,0.9423076923076924,extinguished
186,10,52.0,49,48.0,0.9285714285714286,0.9423076923076924,0.979591836734694,extinguished
186,11,49.0,48,41.0,0.9423076923076924,0.979591836734694,0.8541666666666666,equilibrium
186,12,48.0,41,46.0,0.979591836734694,0.8541666666666666,1.1219512195121952,extinguished
186,13,41.0,46,60.0,0.8541666666666666,1.1219512195121952,1.3043478260869563,supercritical
186,14,46.0,60,56.0,1.1219512195121952,1.3043478260869563,0.9333333333333332,supercritical
186,15,60.0,56,55.0,1.3043478260869563,0.9333333333333332,0.9821428571428572,extinguished
186,16,56.0,55,49.0,0.9333333333333332,0.9821428571428572,0.8909090909090909,equilibrium
186,17,55.0,49,40.0,0.9821428571428572,0.8909090909090909,0.8163265306122449,extinguished
186,18,49.0,40,39.0,0.8909090909090909,0.8163265306122449,0.975,extinguished
186,19,40.0,39,-1.0,0.8163265306122449,0.975,-1.0,equilibrium
187,0,-1.0,1,0.0,-1.0,-1.0,0.0,initial
187,1,1.0,0,0.0,-1.0,0.0,0.0,extinguished
187,2,0.0,0,0.0,0.0,0.0,0.0,extinguished
187,3,0.0,0,0.0,0.0,0.0,0.0,extinguished
187,4,0.0,0,0.0,0.0,0.0,0.0,extinguished
187,5,0.0,0,0.0,0.0,0.0,0.0,extinguished
187,6,0.0,0,0.0,0.0,0.0,0.0,extinguished
187,7,0.0,0,0.0,0.0,0.0,0.0,extinguished
187,8,0.0,0,0.0,0.0,0.0,0.0,extinguished
187,9,0.0,0,0.0,0.0,0.0,0.0,extinguished
187,10,0.0,0,0.0,0.0,0.0,0.0,extinguished
187,11,0.0,0,0.0,0.0,0.0,0.0,extinguished
187,12,0.0,0,0.0,0.0,0.0,0.0,extinguished
187,13,0.0,0,0.0,0.0,0.0,0.0,extinguished
187,14,0.0,0,0.0,0.0,0.0,0.0,extinguished
187,15,0.0,0,0.0,0.0,0.0,0.0,extinguished
187,16,0.0,0,0.0,0.0,0.0,0.0,extinguished
187,17,0.0,0,0.0,0.0,0.0,0.0,extinguished
187,18,0.0,0,0.0,0.0,0.0,0.0,extinguished
187,19,0.0,0,-1.0,0.0,0.0,-1.0,extinguished
188,0,-1.0,4,8.0,-1.0,-1.0,2.0,initial
188,1,4.0,8,14.0,-1.0,2.0,1.75,supercritical
188,2,8.0,14,23.0,2.0,1.75,1.6428571428571428,supercritical
188,3,14.0,23,42.0,1.75,1.6428571428571428,1.826086956521739,supercritical
188,4,23.0,42,48.0,1.6428571428571428,1.826086956521739,1.1428571428571428,supercritical
188,5,42.0,48,51.0,1.826086956521739,1.1428571428571428,1.0625,supercritical
188,6,48.0,51,49.0,1.1428571428571428,1.0625,0.9607843137254902,supercritical
188,7,51.0,49,24.0,1.0625,0.9607843137254902,0.4897959183673469,equilibrium
188,8,49.0,24,41.0,0.9607843137254902,0.4897959183673469,1.7083333333333333,extinguished
188,9,24.0,41,41.0,0.4897959183673469,1.7083333333333333,1.0,supercritical
188,10,41.0,41,37.0,1.7083333333333333,1.0,0.902439024390244,equilibrium
188,11,41.0,37,45.0,1.0,0.902439024390244,1.2162162162162162,extinguished
188,12,37.0,45,62.0,0.902439024390244,1.2162162162162162,1.3777777777777778,supercritical
188,13,45.0,62,50.0,1.2162162162162162,1.3777777777777778,0.8064516129032258,supercritical
188,14,62.0,50,39.0,1.3777777777777778,0.8064516129032258,0.78,extinguished
188,15,50.0,39,42.0,0.8064516129032258,0.78,1.0769230769230769,extinguished
188,16,39.0,42,39.0,0.78,1.0769230769230769,0.9285714285714286,supercritical
188,17,42.0,39,42.0,1.0769230769230769,0.9285714285714286,1.0769230769230769,extinguished
188,18,39.0,42,35.0,0.9285714285714286,1.0769230769230769,0.8333333333333334,supercritical
188,19,42.0,35,-1.0,1.0769230769230769,0.8333333333333334,-1.0,extinguished
189,0,-1.0,4,4.0,-1.0,-1.0,1.0,initial
189,1,4.0,4,12.0,-1.0,1.0,3.0,equilibrium
189,2,4.0,12,24.0,1.0,3.0,2.0,supercritical
189,3,12.0,24,38.0,3.0,2.0,1.5833333333333333,supercritical
189,4,24.0,38,50.0,2.0,1.5833333333333333,1.3157894736842106,supercritical
189,5,38.0,50,51.0,1.5833333333333333,1.3157894736842106,1.02,supercritical
189,6,50.0,51,66.0,1.3157894736842106,1.02,1.2941176470588236,equilibrium
189,7,51.0,66,54.0,1.02,1.2941176470588236,0.8181818181818182,supercritical
189,8,66.0,54,52.0,1.2941176470588236,0.8181818181818182,0.9629629629629628,extinguished
189,9,54.0,52,65.0,0.8181818181818182,0.9629629629629628,1.25,equilibrium
189,10,52.0,65,56.0,0.9629629629629628,1.25,0.8615384615384616,supercritical
189,11,65.0,56,50.0,1.25,0.8615384615384616,0.8928571428571429,extinguished
189,12,56.0,50,47.0,0.8615384615384616,0.8928571428571429,0.94,extinguished
189,13,50.0,47,47.0,0.8928571428571429,0.94,1.0,extinguished
189,14,47.0,47,52.0,0.94,1.0,1.1063829787234043,equilibrium
189,15,47.0,52,46.0,1.0,1.1063829787234043,0.8846153846153846,supercritical
189,16,52.0,46,52.0,1.1063829787234043,0.8846153846153846,1.1304347826086956,extinguished
189,17,46.0,52,54.0,0.8846153846153846,1.1304347826086956,1.0384615384615383,supercritical
189,18,52.0,54,82.0,1.1304347826086956,1.0384615384615383,1.5185185185185186,equilibrium
189,19,54.0,82,-1.0,1.0384615384615383,1.5185185185185186,-1.0,supercritical
190,0,-1.0,3,6.0,-1.0,-1.0,2.0,initial
190,1,3.0,6,15.0,-1.0,2.0,2.5,supercritical
190,2,6.0,15,29.0,2.0,2.5,1.933333333333333,supercritical
190,3,15.0,29,37.0,2.5,1.933333333333333,1.2758620689655171,supercritical
190,4,29.0,37,62.0,1.933333333333333,1.2758620689655171,1.6756756756756757,supercritical
190,5,37.0,62,40.0,1.2758620689655171,1.6756756756756757,0.6451612903225806,supercritical
190,6,62.0,40,60.0,1.6756756756756757,0.6451612903225806,1.5,extinguished
190,7,40.0,60,43.0,0.6451612903225806,1.5,0.7166666666666667,supercritical
190,8,60.0,43,41.0,1.5,0.7166666666666667,0.9534883720930232,extinguished
190,9,43.0,41,50.0,0.7166666666666667,0.9534883720930232,1.2195121951219512,equilibrium
190,10,41.0,50,47.0,0.9534883720930232,1.2195121951219512,0.94,supercritical
190,11,50.0,47,44.0,1.2195121951219512,0.94,0.9361702127659576,extinguished
190,12,47.0,44,44.0,0.94,0.9361702127659576,1.0,extinguished
190,13,44.0,44,74.0,0.9361702127659576,1.0,1.681818181818182,equilibrium
190,14,44.0,74,38.0,1.0,1.681818181818182,0.5135135135135135,supercritical
190,15,74.0,38,58.0,1.681818181818182,0.5135135135135135,1.5263157894736843,extinguished
190,16,38.0,58,52.0,0.5135135135135135,1.5263157894736843,0.896551724137931,supercritical
190,17,58.0,52,41.0,1.5263157894736843,0.896551724137931,0.7884615384615384,extinguished
190,18,52.0,41,38.0,0.896551724137931,0.7884615384615384,0.926829268292683,extinguished
190,19,41.0,38,-1.0,0.7884615384615384,0.926829268292683,-1.0,extinguished
191,0,-1.0,2,5.0,-1.0,-1.0,2.5,initial
191,1,2.0,5,9.0,-1.0,2.5,1.8,supercritical
191,2,5.0,9,9.0,2.5,1.8,1.0,supercritical
191,3,9.0,9,16.0,1.8,1.0,1.7777777777777777,equilibrium
191,4,9.0,16,23.0,1.0,1.7777777777777777,1.4375,supercritical
191,5,16.0,23,36.0,1.7777777777777777,1.4375,1.565217391304348,supercritical
191,6,23.0,36,48.0,1.4375,1.565217391304348,1.3333333333333333,supercritical
191,7,36.0,48,49.0,1.565217391304348,1.3333333333333333,1.0208333333333333,supercritical
191,8,48.0,49,42.0,1.3333333333333333,1.0208333333333333,0.8571428571428571,equilibrium
191,9,49.0,42,34.0,1.0208333333333333,0.8571428571428571,0.8095238095238095,extinguished
191,10,42.0,34,50.0,0.8571428571428571,0.8095238095238095,1.4705882352941178,extinguished
191,11,34.0,50,48.0,0.8095238095238095,1.4705882352941178,0.96,supercritical
191,12,50.0,48,44.0,1.4705882352941178,0.96,0.9166666666666666,equilibrium
191,13,48.0,44,32.0,0.96,0.9166666666666666,0.7272727272727273,extinguished
191,14,44.0,32,33.0,0.9166666666666666,0.7272727272727273,1.03125,extinguished
191,15,32.0,33,31.0,0.7272727272727273,1.03125,0.9393939393939394,equilibrium
191,16,33.0,31,29.0,1.03125,0.9393939393939394,0.935483870967742,extinguished
191,17,31.0,29,37.0,0.9393939393939394,0.935483870967742,1.2758620689655171,extinguished
191,18,29.0,37,38.0,0.935483870967742,1.2758620689655171,1.027027027027027,supercritical
191,19,37.0,38,-1.0,1.2758620689655171,1.027027027027027,-1.0,equilibrium
192,0,-1.0,4,13.0,-1.0,-1.0,3.25,initial
192,1,4.0,13,22.0,-1.0,3.25,1.6923076923076923,supercritical
192,2,13.0,22,37.0,3.25,1.6923076923076923,1.681818181818182,supercritical
192,3,22.0,37,63.0,1.6923076923076923,1.681818181818182,1.7027027027027026,supercritical
192,4,37.0,63,50.0,1.681818181818182,1.7027027027027026,0.7936507936507936,supercritical
192,5,63.0,50,61.0,1.7027027027027026,0.7936507936507936,1.22,extinguished
192,6,50.0,61,74.0,0.7936507936507936,1.22,1.213114754098361,supercritical
192,7,61.0,74,45.0,1.22,1.213114754098361,0.6081081081081081,supercritical
192,8,74.0,45,64.0,1.213114754098361,0.6081081081081081,1.4222222222222225,extinguished
192,9,45.0,64,35.0,0.6081081081081081,1.4222222222222225,0.546875,supercritical
192,10,64.0,35,42.0,1.4222222222222225,0.546875,1.2,extinguished
192,11,35.0,42,50.0,0.546875,1.2,1.1904761904761905,supercritical
192,12,42.0,50,50.0,1.2,1.1904761904761905,1.0,supercritical
192,13,50.0,50,49.0,1.1904761904761905,1.0,0.98,equilibrium
192,14,50.0,49,46.0,1.0,0.98,0.9387755102040816,equilibrium
192,15,49.0,46,54.0,0.98,0.9387755102040816,1.173913043478261,extinguished
192,16,46.0,54,70.0,0.9387755102040816,1.173913043478261,1.2962962962962965,supercritical
192,17,54.0,70,57.0,1.173913043478261,1.2962962962962965,0.8142857142857143,supercritical
192,18,70.0,57,39.0,1.2962962962962965,0.8142857142857143,0.6842105263157895,extinguished
192,19,57.0,39,-1.0,0.8142857142857143,0.6842105263157895,-1.0,extinguished
193,0,-1.0,5,12.0,-1.0,-1.0,2.4,initial
193,1,5.0,12,21.0,-1.0,2.4,1.75,supercritical
193,2,12.0,21,42.0,2.4,1.75,2.0,supercritical
193,3,21.0,42,49.0,1.75,2.0,1.1666666666666667,supercritical
193,4,42.0,49,55.0,2.0,1.1666666666666667,1.1224489795918366,supercritical
193,5,49.0,55,66.0,1.1666666666666667,1.1224489795918366,1.2,supercritical
193,6,55.0,66,53.0,1.1224489795918366,1.2,0.803030303030303,supercritical
193,7,66.0,53,44.0,1.2,0.803030303030303,0.8301886792452831,extinguished
193,8,53.0,44,56.0,0.803030303030303,0.8301886792452831,1.2727272727272727,extinguished
193,9,44.0,56,50.0,0.8301886792452831,1.2727272727272727,0.8928571428571429,supercritical
193,10,56.0,50,43.0,1.2727272727272727,0.8928571428571429,0.86,extinguished
193,11,50.0,43,44.0,0.8928571428571429,0.86,1.0232558139534884,extinguished
193,12,43.0,44,62.0,0.86,1.0232558139534884,1.4090909090909092,equilibrium
193,13,44.0,62,40.0,1.0232558139534884,1.4090909090909092,0.6451612903225806,supercritical
193,14,62.0,40,57.0,1.4090909090909092,0.6451612903225806,1.425,extinguished
193,15,40.0,57,60.0,0.6451612903225806,1.425,1.0526315789473684,supercritical
193,16,57.0,60,38.0,1.425,1.0526315789473684,0.6333333333333333,supercritical
193,17,60.0,38,58.0,1.0526315789473684,0.6333333333333333,1.5263157894736843,extinguished
193,18,38.0,58,39.0,0.6333333333333333,1.5263157894736843,0.6724137931034483,supercritical
193,19,58.0,39,-1.0,1.5263157894736843,0.6724137931034483,-1.0,extinguished
194,0,-1.0,5,15.0,-1.0,-1.0,3.0,initial
194,1,5.0,15,31.0,-1.0,3.0,2.066666666666667,supercritical
194,2,15.0,31,44.0,3.0,2.066666666666667,1.4193548387096775,supercritical
194,3,31.0,44,53.0,2.066666666666667,1.4193548387096775,1.2045454545454546,supercritical
194,4,44.0,53,81.0,1.4193548387096775,1.2045454545454546,1.528301886792453,supercritical
194,5,53.0,81,21.0,1.2045454545454546,1.528301886792453,0.2592592592592592,supercritical
194,6,81.0,21,38.0,1.528301886792453,0.2592592592592592,1.809523809523809,extinguished
194,7,21.0,38,74.0,0.2592592592592592,1.809523809523809,1.947368421052632,supercritical
194,8,38.0,74,44.0,1.809523809523809,1.947368421052632,0.5945945945945946,supercritical
194,9,74.0,44,64.0,1.947368421052632,0.5945945945945946,1.4545454545454546,extinguished
194,10,44.0,64,53.0,0.5945945945945946,1.4545454545454546,0.828125,supercritical
194,11,64.0,53,72.0,1.4545454545454546,0.828125,1.3584905660377358,extinguished
194,12,53.0,72,28.0,0.828125,1.3584905660377358,0.3888888888888889,supercritical
194,13,72.0,28,56.0,1.3584905660377358,0.3888888888888889,2.0,extinguished
194,14,28.0,56,56.0,0.3888888888888889,2.0,1.0,supercritical
194,15,56.0,56,55.0,2.0,1.0,0.9821428571428572,equilibrium
194,16,56.0,55,43.0,1.0,0.9821428571428572,0.7818181818181819,equilibrium
194,17,55.0,43,64.0,0.9821428571428572,0.7818181818181819,1.4883720930232558,extinguished
194,18,43.0,64,65.0,0.7818181818181819,1.4883720930232558,1.015625,supercritical
194,19,64.0,65,-1.0,1.4883720930232558,1.015625,-1.0,equilibrium
195,0,-1.0,3,7.0,-1.0,-1.0,2.333333333333333,initial
195,1,3.0,7,8.0,-1.0,2.333333333333333,1.1428571428571428,supercritical
195,2,7.0,8,20.0,2.333333333333333,1.1428571428571428,2.5,supercritical
195,3,8.0,20,35.0,1.1428571428571428,2.5,1.75,supercritical
195,4,20.0,35,35.0,2.5,1.75,1.0,supercritical
195,5,35.0,35,50.0,1.75,1.0,1.4285714285714286,equilibrium
195,6,35.0,50,30.0,1.0,1.4285714285714286,0.6,supercritical
195,7,50.0,30,34.0,1.4285714285714286,0.6,1.1333333333333333,extinguished
195,8,30.0,34,31.0,0.6,1.1333333333333333,0.9117647058823528,supercritical
195,9,34.0,31,44.0,1.1333333333333333,0.9117647058823528,1.4193548387096775,extinguished
195,10,31.0,44,42.0,0.9117647058823528,1.4193548387096775,0.9545454545454546,supercritical
195,11,44.0,42,61.0,1.4193548387096775,0.9545454545454546,1.4523809523809523,equilibrium
195,12,42.0,61,36.0,0.9545454545454546,1.4523809523809523,0.5901639344262295,supercritical
195,13,61.0,36,27.0,1.4523809523809523,0.5901639344262295,0.75,extinguished
195,14,36.0,27,39.0,0.5901639344262295,0.75,1.4444444444444444,extinguished
195,15,27.0,39,42.0,0.75,1.4444444444444444,1.0769230769230769,supercritical
195,16,39.0,42,55.0,1.4444444444444444,1.0769230769230769,1.3095238095238095,supercritical
195,17,42.0,55,37.0,1.0769230769230769,1.3095238095238095,0.6727272727272727,supercritical
195,18,55.0,37,39.0,1.3095238095238095,0.6727272727272727,1.054054054054054,extinguished
195,19,37.0,39,-1.0,0.6727272727272727,1.054054054054054,-1.0,supercritical
196,0,-1.0,3,7.0,-1.0,-1.0,2.333333333333333,initial
196,1,3.0,7,17.0,-1.0,2.333333333333333,2.4285714285714284,supercritical
196,2,7.0,17,34.0,2.333333333333333,2.4285714285714284,2.0,supercritical
196,3,17.0,34,30.0,2.4285714285714284,2.0,0.8823529411764706,supercritical
196,4,34.0,30,36.0,2.0,0.8823529411764706,1.2,extinguished
196,5,30.0,36,47.0,0.8823529411764706,1.2,1.3055555555555556,supercritical
196,6,36.0,47,63.0,1.2,1.3055555555555556,1.3404255319148937,supercritical
196,7,47.0,63,51.0,1.3055555555555556,1.3404255319148937,0.8095238095238095,supercritical
196,8,63.0,51,63.0,1.3404255319148937,0.8095238095238095,1.2352941176470589,extinguished
196,9,51.0,63,26.0,0.8095238095238095,1.2352941176470589,0.4126984126984127,supercritical
196,10,63.0,26,30.0,1.2352941176470589,0.4126984126984127,1.1538461538461535,extinguished
196,11,26.0,30,39.0,0.4126984126984127,1.1538461538461535,1.3,supercritical
196,12,30.0,39,48.0,1.1538461538461535,1.3,1.2307692307692308,supercritical
196,13,39.0,48,52.0,1.3,1.2307692307692308,1.0833333333333333,supercritical
196,14,48.0,52,74.0,1.2307692307692308,1.0833333333333333,1.4230769230769231,supercritical
196,15,52.0,74,20.0,1.0833333333333333,1.4230769230769231,0.2702702702702703,supercritical
196,16,74.0,20,29.0,1.4230769230769231,0.2702702702702703,1.45,extinguished
196,17,20.0,29,33.0,0.2702702702702703,1.45,1.137931034482759,supercritical
196,18,29.0,33,45.0,1.45,1.137931034482759,1.3636363636363635,supercritical
196,19,33.0,45,-1.0,1.137931034482759,1.3636363636363635,-1.0,supercritical
197,0,-1.0,3,1.0,-1.0,-1.0,0.3333333333333333,initial
197,1,3.0,1,2.0,-1.0,0.3333333333333333,2.0,extinguished
197,2,1.0,2,3.0,0.3333333333333333,2.0,1.5,supercritical
197,3,2.0,3,3.0,2.0,1.5,1.0,supercritical
197,4,3.0,3,4.0,1.5,1.0,1.3333333333333333,equilibrium
197,5,3.0,4,8.0,1.0,1.3333333333333333,2.0,supercritical
197,6,4.0,8,15.0,1.3333333333333333,2.0,1.875,supercritical
197,7,8.0,15,25.0,2.0,1.875,1.6666666666666667,supercritical
197,8,15.0,25,34.0,1.875,1.6666666666666667,1.36,supercritical
197,9,25.0,34,41.0,1.6666666666666667,1.36,1.2058823529411764,supercritical
197,10,34.0,41,42.0,1.36,1.2058823529411764,1.024390243902439,supercritical
197,11,41.0,42,43.0,1.2058823529411764,1.024390243902439,1.0238095238095235,equilibrium
197,12,42.0,43,52.0,1.024390243902439,1.0238095238095235,1.2093023255813953,equilibrium
197,13,43.0,52,53.0,1.0238095238095235,1.2093023255813953,1.0192307692307692,supercritical
197,14,52.0,53,53.0,1.2093023255813953,1.0192307692307692,1.0,equilibrium
197,15,53.0,53,30.0,1.0192307692307692,1.0,0.5660377358490566,equilibrium
197,16,53.0,30,48.0,1.0,0.5660377358490566,1.6,extinguished
197,17,30.0,48,43.0,0.5660377358490566,1.6,0.8958333333333334,supercritical
197,18,48.0,43,43.0,1.6,0.8958333333333334,1.0,extinguished
197,19,43.0,43,-1.0,0.8958333333333334,1.0,-1.0,equilibrium
198,0,-1.0,1,2.0,-1.0,-1.0,2.0,initial
198,1,1.0,2,3.0,-1.0,2.0,1.5,supercritical
198,2,2.0,3,5.0,2.0,1.5,1.6666666666666667,supercritical
198,3,3.0,5,7.0,1.5,1.6666666666666667,1.4,supercritical
198,4,5.0,7,16.0,1.6666666666666667,1.4,2.2857142857142856,supercritical
198,5,7.0,16,31.0,1.4,2.2857142857142856,1.9375,supercritical
198,6,16.0,31,62.0,2.2857142857142856,1.9375,2.0,supercritical
198,7,31.0,62,53.0,1.9375,2.0,0.8548387096774194,supercritical
198,8,62.0,53,43.0,2.0,0.8548387096774194,0.8113207547169812,extinguished
198,9,53.0,43,55.0,0.8548387096774194,0.8113207547169812,1.2790697674418603,extinguished
198,10,43.0,55,64.0,0.8113207547169812,1.2790697674418603,1.1636363636363636,supercritical
198,11,55.0,64,37.0,1.2790697674418603,1.1636363636363636,0.578125,supercritical
198,12,64.0,37,52.0,1.1636363636363636,0.578125,1.4054054054054057,extinguished
198,13,37.0,52,57.0,0.578125,1.4054054054054057,1.0961538461538465,supercritical
198,14,52.0,57,42.0,1.4054054054054057,1.0961538461538465,0.7368421052631579,supercritical
198,15,57.0,42,43.0,1.0961538461538465,0.7368421052631579,1.0238095238095235,extinguished
198,16,42.0,43,34.0,0.7368421052631579,1.0238095238095235,0.7906976744186046,equilibrium
198,17,43.0,34,33.0,1.0238095238095235,0.7906976744186046,0.9705882352941176,extinguished
198,18,34.0,33,41.0,0.7906976744186046,0.9705882352941176,1.2424242424242424,equilibrium
198,19,33.0,41,-1.0,0.9705882352941176,1.2424242424242424,-1.0,supercritical
199,0,-1.0,1,4.0,-1.0,-1.0,4.0,initial
199,1,1.0,4,8.0,-1.0,4.0,2.0,supercritical
199,2,4.0,8,17.0,4.0,2.0,2.125,supercritical
199,3,8.0,17,36.0,2.0,2.125,2.117647058823529,supercritical
199,4,17.0,36,49.0,2.125,2.117647058823529,1.3611111111111112,supercritical
199,5,36.0,49,66.0,2.117647058823529,1.3611111111111112,1.346938775510204,supercritical
199,6,49.0,66,40.0,1.3611111111111112,1.346938775510204,0.6060606060606061,supercritical
199,7,66.0,40,62.0,1.346938775510204,0.6060606060606061,1.55,extinguished
199,8,40.0,62,56.0,0.6060606060606061,1.55,0.9032258064516128,supercritical
199,9,62.0,56,45.0,1.55,0.9032258064516128,0.8035714285714286,extinguished
199,10,56.0,45,59.0,0.9032258064516128,0.8035714285714286,1.3111111111111111,extinguished
199,11,45.0,59,35.0,0.8035714285714286,1.3111111111111111,0.5932203389830508,supercritical
199,12,59.0,35,56.0,1.3111111111111111,0.5932203389830508,1.6,extinguished
199,13,35.0,56,68.0,0.5932203389830508,1.6,1.2142857142857142,supercritical
199,14,56.0,68,31.0,1.6,1.2142857142857142,0.4558823529411764,supercritical
199,15,68.0,31,48.0,1.2142857142857142,0.4558823529411764,1.5483870967741935,extinguished
199,16,31.0,48,41.0,0.4558823529411764,1.5483870967741935,0.8541666666666666,supercritical
199,17,48.0,41,44.0,1.5483870967741935,0.8541666666666666,1.0731707317073171,extinguished
199,18,41.0,44,51.0,0.8541666666666666,1.0731707317073171,1.1590909090909092,supercritical
199,19,44.0,51,-1.0,1.0731707317073171,1.1590909090909092,-1.0,supercritical
200,0,-1.0,2,3.0,-1.0,-1.0,1.5,initial
200,1,2.0,3,8.0,-1.0,1.5,2.6666666666666665,supercritical
200,2,3.0,8,21.0,1.5,2.6666666666666665,2.625,supercritical
200,3,8.0,21,46.0,2.6666666666666665,2.625,2.1904761904761907,supercritical
200,4,21.0,46,42.0,2.625,2.1904761904761907,0.9130434782608696,supercritical
200,5,46.0,42,45.0,2.1904761904761907,0.9130434782608696,1.0714285714285714,extinguished
200,6,42.0,45,41.0,0.9130434782608696,1.0714285714285714,0.9111111111111112,supercritical
200,7,45.0,41,41.0,1.0714285714285714,0.9111111111111112,1.0,extinguished
200,8,41.0,41,28.0,0.9111111111111112,1.0,0.6829268292682927,equilibrium
200,9,41.0,28,35.0,1.0,0.6829268292682927,1.25,extinguished
200,10,28.0,35,42.0,0.6829268292682927,1.25,1.2,supercritical
200,11,35.0,42,35.0,1.25,1.2,0.8333333333333334,supercritical
200,12,42.0,35,53.0,1.2,0.8333333333333334,1.5142857142857142,extinguished
200,13,35.0,53,42.0,0.8333333333333334,1.5142857142857142,0.7924528301886793,supercritical
200,14,53.0,42,43.0,1.5142857142857142,0.7924528301886793,1.0238095238095235,extinguished
200,15,42.0,43,38.0,0.7924528301886793,1.0238095238095235,0.8837209302325582,equilibrium
200,16,43.0,38,48.0,1.0238095238095235,0.8837209302325582,1.263157894736842,extinguished
200,17,38.0,48,55.0,0.8837209302325582,1.263157894736842,1.1458333333333333,supercritical
200,18,48.0,55,38.0,1.263157894736842,1.1458333333333333,0.6909090909090909,supercritical
200,19,55.0,38,-1.0,1.1458333333333333,0.6909090909090909,-1.0,extinguished
201,0,-1.0,3,4.0,-1.0,-1.0,1.3333333333333333,initial
201,1,3.0,4,10.0,-1.0,1.3333333333333333,2.5,supercritical
201,2,4.0,10,15.0,1.3333333333333333,2.5,1.5,supercritical
201,3,10.0,15,24.0,2.5,1.5,1.6,supercritical
201,4,15.0,24,34.0,1.5,1.6,1.4166666666666667,supercritical
201,5,24.0,34,43.0,1.6,1.4166666666666667,1.2647058823529411,supercritical
201,6,34.0,43,52.0,1.4166666666666667,1.2647058823529411,1.2093023255813953,supercritical
201,7,43.0,52,42.0,1.2647058823529411,1.2093023255813953,0.8076923076923077,supercritical
201,8,52.0,42,41.0,1.2093023255813953,0.8076923076923077,0.9761904761904762,extinguished
201,9,42.0,41,58.0,0.8076923076923077,0.9761904761904762,1.4146341463414631,equilibrium
201,10,41.0,58,43.0,0.9761904761904762,1.4146341463414631,0.7413793103448276,supercritical
201,11,58.0,43,59.0,1.4146341463414631,0.7413793103448276,1.372093023255814,extinguished
201,12,43.0,59,62.0,0.7413793103448276,1.372093023255814,1.0508474576271187,supercritical
201,13,59.0,62,52.0,1.372093023255814,1.0508474576271187,0.8387096774193549,supercritical
201,14,62.0,52,61.0,1.0508474576271187,0.8387096774193549,1.1730769230769231,extinguished
201,15,52.0,61,41.0,0.8387096774193549,1.1730769230769231,0.6721311475409836,supercritical
201,16,61.0,41,34.0,1.1730769230769231,0.6721311475409836,0.8292682926829268,extinguished
201,17,41.0,34,43.0,0.6721311475409836,0.8292682926829268,1.2647058823529411,extinguished
201,18,34.0,43,46.0,0.8292682926829268,1.2647058823529411,1.069767441860465,supercritical
201,19,43.0,46,-1.0,1.2647058823529411,1.069767441860465,-1.0,supercritical
202,0,-1.0,1,0.0,-1.0,-1.0,0.0,initial
202,1,1.0,0,0.0,-1.0,0.0,0.0,extinguished
202,2,0.0,0,0.0,0.0,0.0,0.0,extinguished
202,3,0.0,0,0.0,0.0,0.0,0.0,extinguished
202,4,0.0,0,0.0,0.0,0.0,0.0,extinguished
202,5,0.0,0,0.0,0.0,0.0,0.0,extinguished
202,6,0.0,0,0.0,0.0,0.0,0.0,extinguished
202,7,0.0,0,0.0,0.0,0.0,0.0,extinguished
202,8,0.0,0,0.0,0.0,0.0,0.0,extinguished
202,9,0.0,0,0.0,0.0,0.0,0.0,extinguished
202,10,0.0,0,0.0,0.0,0.0,0.0,extinguished
202,11,0.0,0,0.0,0.0,0.0,0.0,extinguished
202,12,0.0,0,0.0,0.0,0.0,0.0,extinguished
202,13,0.0,0,0.0,0.0,0.0,0.0,extinguished
202,14,0.0,0,0.0,0.0,0.0,0.0,extinguished
202,15,0.0,0,0.0,0.0,0.0,0.0,extinguished
202,16,0.0,0,0.0,0.0,0.0,0.0,extinguished
202,17,0.0,0,0.0,0.0,0.0,0.0,extinguished
202,18,0.0,0,0.0,0.0,0.0,0.0,extinguished
202,19,0.0,0,-1.0,0.0,0.0,-1.0,extinguished
203,0,-1.0,1,3.0,-1.0,-1.0,3.0,initial
203,1,1.0,3,3.0,-1.0,3.0,1.0,supercritical
203,2,3.0,3,6.0,3.0,1.0,2.0,equilibrium
203,3,3.0,6,9.0,1.0,2.0,1.5,supercritical
203,4,6.0,9,12.0,2.0,1.5,1.3333333333333333,supercritical
203,5,9.0,12,19.0,1.5,1.3333333333333333,1.5833333333333333,supercritical
203,6,12.0,19,32.0,1.3333333333333333,1.5833333333333333,1.6842105263157894,supercritical
203,7,19.0,32,44.0,1.5833333333333333,1.6842105263157894,1.375,supercritical
203,8,32.0,44,28.0,1.6842105263157894,1.375,0.6363636363636364,supercritical
203,9,44.0,28,43.0,1.375,0.6363636363636364,1.5357142857142858,extinguished
203,10,28.0,43,47.0,0.6363636363636364,1.5357142857142858,1.0930232558139534,supercritical
203,11,43.0,47,55.0,1.5357142857142858,1.0930232558139534,1.1702127659574468,supercritical
203,12,47.0,55,39.0,1.0930232558139534,1.1702127659574468,0.7090909090909091,supercritical
203,13,55.0,39,49.0,1.1702127659574468,0.7090909090909091,1.2564102564102564,extinguished
203,14,39.0,49,52.0,0.7090909090909091,1.2564102564102564,1.0612244897959184,supercritical
203,15,49.0,52,46.0,1.2564102564102564,1.0612244897959184,0.8846153846153846,supercritical
203,16,52.0,46,48.0,1.0612244897959184,0.8846153846153846,1.0434782608695652,extinguished
203,17,46.0,48,53.0,0.8846153846153846,1.0434782608695652,1.1041666666666667,equilibrium
203,18,48.0,53,63.0,1.0434782608695652,1.1041666666666667,1.1886792452830188,supercritical
203,19,53.0,63,-1.0,1.1041666666666667,1.1886792452830188,-1.0,supercritical
204,0,-1.0,2,4.0,-1.0,-1.0,2.0,initial
204,1,2.0,4,6.0,-1.0,2.0,1.5,supercritical
204,2,4.0,6,10.0,2.0,1.5,1.6666666666666667,supercritical
204,3,6.0,10,20.0,1.5,1.6666666666666667,2.0,supercritical
204,4,10.0,20,60.0,1.6666666666666667,2.0,3.0,supercritical
204,5,20.0,60,59.0,2.0,3.0,0.9833333333333332,supercritical
204,6,60.0,59,43.0,3.0,0.9833333333333332,0.7288135593220338,equilibrium
204,7,59.0,43,64.0,0.9833333333333332,0.7288135593220338,1.4883720930232558,extinguished
204,8,43.0,64,60.0,0.7288135593220338,1.4883720930232558,0.9375,supercritical
204,9,64.0,60,53.0,1.4883720930232558,0.9375,0.8833333333333333,extinguished
204,10,60.0,53,70.0,0.9375,0.8833333333333333,1.320754716981132,extinguished
204,11,53.0,70,48.0,0.8833333333333333,1.320754716981132,0.6857142857142857,supercritical
204,12,70.0,48,68.0,1.320754716981132,0.6857142857142857,1.4166666666666667,extinguished
204,13,48.0,68,42.0,0.6857142857142857,1.4166666666666667,0.6176470588235294,supercritical
204,14,68.0,42,49.0,1.4166666666666667,0.6176470588235294,1.1666666666666667,extinguished
204,15,42.0,49,55.0,0.6176470588235294,1.1666666666666667,1.1224489795918366,supercritical
204,16,49.0,55,35.0,1.1666666666666667,1.1224489795918366,0.6363636363636364,supercritical
204,17,55.0,35,40.0,1.1224489795918366,0.6363636363636364,1.1428571428571428,extinguished
204,18,35.0,40,64.0,0.6363636363636364,1.1428571428571428,1.6,supercritical
204,19,40.0,64,-1.0,1.1428571428571428,1.6,-1.0,supercritical
205,0,-1.0,1,2.0,-1.0,-1.0,2.0,initial
205,1,1.0,2,4.0,-1.0,2.0,2.0,supercritical
205,2,2.0,4,7.0,2.0,2.0,1.75,supercritical
205,3,4.0,7,17.0,2.0,1.75,2.4285714285714284,supercritical
205,4,7.0,17,25.0,1.75,2.4285714285714284,1.4705882352941178,supercritical
205,5,17.0,25,39.0,2.4285714285714284,1.4705882352941178,1.56,supercritical
205,6,25.0,39,69.0,1.4705882352941178,1.56,1.7692307692307692,supercritical
205,7,39.0,69,55.0,1.56,1.7692307692307692,0.7971014492753623,supercritical
205,8,69.0,55,37.0,1.7692307692307692,0.7971014492753623,0.6727272727272727,extinguished
205,9,55.0,37,60.0,0.7971014492753623,0.6727272727272727,1.6216216216216215,extinguished
205,10,37.0,60,40.0,0.6727272727272727,1.6216216216216215,0.6666666666666666,supercritical
205,11,60.0,40,58.0,1.6216216216216215,0.6666666666666666,1.45,extinguished
205,12,40.0,58,52.0,0.6666666666666666,1.45,0.896551724137931,supercritical
205,13,58.0,52,58.0,1.45,0.896551724137931,1.1153846153846154,extinguished
205,14,52.0,58,42.0,0.896551724137931,1.1153846153846154,0.7241379310344828,supercritical
205,15,58.0,42,44.0,1.1153846153846154,0.7241379310344828,1.0476190476190477,extinguished
205,16,42.0,44,59.0,0.7241379310344828,1.0476190476190477,1.3409090909090908,equilibrium
205,17,44.0,59,62.0,1.0476190476190477,1.3409090909090908,1.0508474576271187,supercritical
205,18,59.0,62,53.0,1.3409090909090908,1.0508474576271187,0.8548387096774194,supercritical
205,19,62.0,53,-1.0,1.0508474576271187,0.8548387096774194,-1.0,extinguished
206,0,-1.0,1,3.0,-1.0,-1.0,3.0,initial
206,1,1.0,3,9.0,-1.0,3.0,3.0,supercritical
206,2,3.0,9,8.0,3.0,3.0,0.8888888888888888,supercritical
206,3,9.0,8,12.0,3.0,0.8888888888888888,1.5,extinguished
206,4,8.0,12,24.0,0.8888888888888888,1.5,2.0,supercritical
206,5,12.0,24,24.0,1.5,2.0,1.0,supercritical
206,6,24.0,24,50.0,2.0,1.0,2.083333333333333,equilibrium
206,7,24.0,50,59.0,1.0,2.083333333333333,1.18,supercritical
206,8,50.0,59,40.0,2.083333333333333,1.18,0.6779661016949152,supercritical
206,9,59.0,40,33.0,1.18,0.6779661016949152,0.825,extinguished
206,10,40.0,33,39.0,0.6779661016949152,0.825,1.181818181818182,extinguished
206,11,33.0,39,41.0,0.825,1.181818181818182,1.051282051282051,supercritical
206,12,39.0,41,36.0,1.181818181818182,1.051282051282051,0.8780487804878049,supercritical
206,13,41.0,36,27.0,1.051282051282051,0.8780487804878049,0.75,extinguished
206,14,36.0,27,34.0,0.8780487804878049,0.75,1.2592592592592593,extinguished
206,15,27.0,34,47.0,0.75,1.2592592592592593,1.3823529411764706,supercritical
206,16,34.0,47,32.0,1.2592592592592593,1.3823529411764706,0.6808510638297872,supercritical
206,17,47.0,32,44.0,1.3823529411764706,0.6808510638297872,1.375,extinguished
206,18,32.0,44,47.0,0.6808510638297872,1.375,1.068181818181818,supercritical
206,19,44.0,47,-1.0,1.375,1.068181818181818,-1.0,supercritical
207,0,-1.0,1,3.0,-1.0,-1.0,3.0,initial
207,1,1.0,3,11.0,-1.0,3.0,3.6666666666666665,supercritical
207,2,3.0,11,23.0,3.0,3.6666666666666665,2.090909090909091,supercritical
207,3,11.0,23,34.0,3.6666666666666665,2.090909090909091,1.4782608695652173,supercritical
207,4,23.0,34,46.0,2.090909090909091,1.4782608695652173,1.3529411764705883,supercritical
207,5,34.0,46,43.0,1.4782608695652173,1.3529411764705883,0.9347826086956522,supercritical
207,6,46.0,43,56.0,1.3529411764705883,0.9347826086956522,1.302325581395349,extinguished
207,7,43.0,56,47.0,0.9347826086956522,1.302325581395349,0.8392857142857143,supercritical
207,8,56.0,47,50.0,1.302325581395349,0.8392857142857143,1.0638297872340423,extinguished
207,9,47.0,50,61.0,0.8392857142857143,1.0638297872340423,1.22,supercritical
207,10,50.0,61,41.0,1.0638297872340423,1.22,0.6721311475409836,supercritical
207,11,61.0,41,59.0,1.22,0.6721311475409836,1.4390243902439024,extinguished
207,12,41.0,59,44.0,0.6721311475409836,1.4390243902439024,0.7457627118644068,supercritical
207,13,59.0,44,37.0,1.4390243902439024,0.7457627118644068,0.8409090909090909,extinguished
207,14,44.0,37,41.0,0.7457627118644068,0.8409090909090909,1.108108108108108,extinguished
207,15,37.0,41,61.0,0.8409090909090909,1.108108108108108,1.4878048780487805,supercritical
207,16,41.0,61,61.0,1.108108108108108,1.4878048780487805,1.0,supercritical
207,17,61.0,61,45.0,1.4878048780487805,1.0,0.7377049180327869,equilibrium
207,18,61.0,45,57.0,1.0,0.7377049180327869,1.2666666666666666,extinguished
207,19,45.0,57,-1.0,0.7377049180327869,1.2666666666666666,-1.0,supercritical
208,0,-1.0,1,2.0,-1.0,-1.0,2.0,initial
208,1,1.0,2,3.0,-1.0,2.0,1.5,supercritical
208,2,2.0,3,7.0,2.0,1.5,2.333333333333333,supercritical
208,3,3.0,7,16.0,1.5,2.333333333333333,2.2857142857142856,supercritical
208,4,7.0,16,31.0,2.333333333333333,2.2857142857142856,1.9375,supercritical
208,5,16.0,31,53.0,2.2857142857142856,1.9375,1.7096774193548387,supercritical
208,6,31.0,53,60.0,1.9375,1.7096774193548387,1.1320754716981132,supercritical
208,7,53.0,60,46.0,1.7096774193548387,1.1320754716981132,0.7666666666666667,supercritical
208,8,60.0,46,51.0,1.1320754716981132,0.7666666666666667,1.108695652173913,extinguished
208,9,46.0,51,40.0,0.7666666666666667,1.108695652173913,0.7843137254901961,supercritical
208,10,51.0,40,60.0,1.108695652173913,0.7843137254901961,1.5,extinguished
208,11,40.0,60,40.0,0.7843137254901961,1.5,0.6666666666666666,supercritical
208,12,60.0,40,50.0,1.5,0.6666666666666666,1.25,extinguished
208,13,40.0,50,54.0,0.6666666666666666,1.25,1.08,supercritical
208,14,50.0,54,40.0,1.25,1.08,0.7407407407407407,supercritical
208,15,54.0,40,53.0,1.08,0.7407407407407407,1.325,extinguished
208,16,40.0,53,63.0,0.7407407407407407,1.325,1.1886792452830188,supercritical
208,17,53.0,63,59.0,1.325,1.1886792452830188,0.9365079365079364,supercritical
208,18,63.0,59,70.0,1.1886792452830188,0.9365079365079364,1.1864406779661016,extinguished
208,19,59.0,70,-1.0,0.9365079365079364,1.1864406779661016,-1.0,supercritical
209,0,-1.0,2,4.0,-1.0,-1.0,2.0,initial
209,1,2.0,4,8.0,-1.0,2.0,2.0,supercritical
209,2,4.0,8,16.0,2.0,2.0,2.0,supercritical
209,3,8.0,16,28.0,2.0,2.0,1.75,supercritical
209,4,16.0,28,47.0,2.0,1.75,1.6785714285714286,supercritical
209,5,28.0,47,32.0,1.75,1.6785714285714286,0.6808510638297872,supercritical
209,6,47.0,32,48.0,1.6785714285714286,0.6808510638297872,1.5,extinguished
209,7,32.0,48,58.0,0.6808510638297872,1.5,1.2083333333333333,supercritical
209,8,48.0,58,57.0,1.5,1.2083333333333333,0.9827586206896552,supercritical
209,9,58.0,57,48.0,1.2083333333333333,0.9827586206896552,0.8421052631578947,equilibrium
209,10,57.0,48,42.0,0.9827586206896552,0.8421052631578947,0.875,extinguished
209,11,48.0,42,44.0,0.8421052631578947,0.875,1.0476190476190477,extinguished
209,12,42.0,44,48.0,0.875,1.0476190476190477,1.0909090909090908,equilibrium
209,13,44.0,48,51.0,1.0476190476190477,1.0909090909090908,1.0625,supercritical
209,14,48.0,51,54.0,1.0909090909090908,1.0625,1.0588235294117647,supercritical
209,15,51.0,54,72.0,1.0625,1.0588235294117647,1.3333333333333333,supercritical
209,16,54.0,72,38.0,1.0588235294117647,1.3333333333333333,0.5277777777777778,supercritical
209,17,72.0,38,48.0,1.3333333333333333,0.5277777777777778,1.263157894736842,extinguished
209,18,38.0,48,40.0,0.5277777777777778,1.263157894736842,0.8333333333333334,supercritical
209,19,48.0,40,-1.0,1.263157894736842,0.8333333333333334,-1.0,extinguished
210,0,-1.0,4,5.0,-1.0,-1.0,1.25,initial
210,1,4.0,5,7.0,-1.0,1.25,1.4,supercritical
210,2,5.0,7,13.0,1.25,1.4,1.8571428571428568,supercritical
210,3,7.0,13,24.0,1.4,1.8571428571428568,1.8461538461538465,supercritical
210,4,13.0,24,29.0,1.8571428571428568,1.8461538461538465,1.2083333333333333,supercritical
210,5,24.0,29,33.0,1.8461538461538465,1.2083333333333333,1.137931034482759,supercritical
210,6,29.0,33,45.0,1.2083333333333333,1.137931034482759,1.3636363636363635,supercritical
210,7,33.0,45,38.0,1.137931034482759,1.3636363636363635,0.8444444444444444,supercritical
210,8,45.0,38,50.0,1.3636363636363635,0.8444444444444444,1.3157894736842106,extinguished
210,9,38.0,50,52.0,0.8444444444444444,1.3157894736842106,1.04,supercritical
210,10,50.0,52,53.0,1.3157894736842106,1.04,1.0192307692307692,equilibrium
210,11,52.0,53,66.0,1.04,1.0192307692307692,1.2452830188679245,equilibrium
210,12,53.0,66,32.0,1.0192307692307692,1.2452830188679245,0.4848484848484848,supercritical
210,13,66.0,32,49.0,1.2452830188679245,0.4848484848484848,1.53125,extinguished
210,14,32.0,49,48.0,0.4848484848484848,1.53125,0.979591836734694,supercritical
210,15,49.0,48,45.0,1.53125,0.979591836734694,0.9375,equilibrium
210,16,48.0,45,50.0,0.979591836734694,0.9375,1.1111111111111112,extinguished
210,17,45.0,50,51.0,0.9375,1.1111111111111112,1.02,supercritical
210,18,50.0,51,47.0,1.1111111111111112,1.02,0.9215686274509804,equilibrium
210,19,51.0,47,-1.0,1.02,0.9215686274509804,-1.0,extinguished
211,0,-1.0,3,16.0,-1.0,-1.0,5.333333333333333,initial
211,1,3.0,16,35.0,-1.0,5.333333333333333,2.1875,supercritical
211,2,16.0,35,58.0,5.333333333333333,2.1875,1.6571428571428573,supercritical
211,3,35.0,58,46.0,2.1875,1.6571428571428573,0.7931034482758621,supercritical
211,4,58.0,46,40.0,1.6571428571428573,0.7931034482758621,0.8695652173913043,extinguished
211,5,46.0,40,49.0,0.7931034482758621,0.8695652173913043,1.225,extinguished
211,6,40.0,49,46.0,0.8695652173913043,1.225,0.9387755102040816,supercritical
211,7,49.0,46,51.0,1.225,0.9387755102040816,1.108695652173913,extinguished
211,8,46.0,51,47.0,0.9387755102040816,1.108695652173913,0.9215686274509804,supercritical
211,9,51.0,47,72.0,1.108695652173913,0.9215686274509804,1.5319148936170213,extinguished
211,10,47.0,72,24.0,0.9215686274509804,1.5319148936170213,0.3333333333333333,supercritical
211,11,72.0,24,48.0,1.5319148936170213,0.3333333333333333,2.0,extinguished
211,12,24.0,48,57.0,0.3333333333333333,2.0,1.1875,supercritical
211,13,48.0,57,53.0,2.0,1.1875,0.9298245614035088,supercritical
211,14,57.0,53,43.0,1.1875,0.9298245614035088,0.8113207547169812,extinguished
211,15,53.0,43,52.0,0.9298245614035088,0.8113207547169812,1.2093023255813953,extinguished
211,16,43.0,52,34.0,0.8113207547169812,1.2093023255813953,0.6538461538461539,supercritical
211,17,52.0,34,62.0,1.2093023255813953,0.6538461538461539,1.8235294117647056,extinguished
211,18,34.0,62,48.0,0.6538461538461539,1.8235294117647056,0.7741935483870968,supercritical
211,19,62.0,48,-1.0,1.8235294117647056,0.7741935483870968,-1.0,extinguished
212,0,-1.0,3,5.0,-1.0,-1.0,1.6666666666666667,initial
212,1,3.0,5,11.0,-1.0,1.6666666666666667,2.2,supercritical
212,2,5.0,11,18.0,1.6666666666666667,2.2,1.6363636363636365,supercritical
212,3,11.0,18,21.0,2.2,1.6363636363636365,1.1666666666666667,supercritical
212,4,18.0,21,36.0,1.6363636363636365,1.1666666666666667,1.7142857142857142,supercritical
212,5,21.0,36,48.0,1.1666666666666667,1.7142857142857142,1.3333333333333333,supercritical
212,6,36.0,48,37.0,1.7142857142857142,1.3333333333333333,0.7708333333333334,supercritical
212,7,48.0,37,27.0,1.3333333333333333,0.7708333333333334,0.7297297297297297,extinguished
212,8,37.0,27,27.0,0.7708333333333334,0.7297297297297297,1.0,extinguished
212,9,27.0,27,33.0,0.7297297297297297,1.0,1.2222222222222223,equilibrium
212,10,27.0,33,39.0,1.0,1.2222222222222223,1.181818181818182,supercritical
212,11,33.0,39,34.0,1.2222222222222223,1.181818181818182,0.8717948717948718,supercritical
212,12,39.0,34,44.0,1.181818181818182,0.8717948717948718,1.2941176470588236,extinguished
212,13,34.0,44,40.0,0.8717948717948718,1.2941176470588236,0.9090909090909092,supercritical
212,14,44.0,40,38.0,1.2941176470588236,0.9090909090909092,0.95,extinguished
212,15,40.0,38,43.0,0.9090909090909092,0.95,1.131578947368421,equilibrium
212,16,38.0,43,41.0,0.95,1.131578947368421,0.9534883720930232,supercritical
212,17,43.0,41,43.0,1.131578947368421,0.9534883720930232,1.048780487804878,equilibrium
212,18,41.0,43,34.0,0.9534883720930232,1.048780487804878,0.7906976744186046,equilibrium
212,19,43.0,34,-1.0,1.048780487804878,0.7906976744186046,-1.0,extinguished
213,0,-1.0,1,3.0,-1.0,-1.0,3.0,initial
213,1,1.0,3,3.0,-1.0,3.0,1.0,supercritical
213,2,3.0,3,8.0,3.0,1.0,2.6666666666666665,equilibrium
213,3,3.0,8,20.0,1.0,2.6666666666666665,2.5,supercritical
213,4,8.0,20,30.0,2.6666666666666665,2.5,1.5,supercritical
213,5,20.0,30,37.0,2.5,1.5,1.2333333333333334,supercritical
213,6,30.0,37,53.0,1.5,1.2333333333333334,1.4324324324324325,supercritical
213,7,37.0,53,59.0,1.2333333333333334,1.4324324324324325,1.1132075471698113,supercritical
213,8,53.0,59,58.0,1.4324324324324325,1.1132075471698113,0.9830508474576272,supercritical
213,9,59.0,58,25.0,1.1132075471698113,0.9830508474576272,0.4310344827586206,equilibrium
213,10,58.0,25,38.0,0.9830508474576272,0.4310344827586206,1.52,extinguished
213,11,25.0,38,47.0,0.4310344827586206,1.52,1.236842105263158,supercritical
213,12,38.0,47,34.0,1.52,1.236842105263158,0.723404255319149,supercritical
213,13,47.0,34,46.0,1.236842105263158,0.723404255319149,1.3529411764705883,extinguished
213,14,34.0,46,48.0,0.723404255319149,1.3529411764705883,1.0434782608695652,supercritical
213,15,46.0,48,46.0,1.3529411764705883,1.0434782608695652,0.9583333333333334,equilibrium
213,16,48.0,46,47.0,1.0434782608695652,0.9583333333333334,1.0217391304347827,equilibrium
213,17,46.0,47,43.0,0.9583333333333334,1.0217391304347827,0.9148936170212766,equilibrium
213,18,47.0,43,61.0,1.0217391304347827,0.9148936170212766,1.4186046511627908,extinguished
213,19,43.0,61,-1.0,0.9148936170212766,1.4186046511627908,-1.0,supercritical
214,0,-1.0,3,5.0,-1.0,-1.0,1.6666666666666667,initial
214,1,3.0,5,10.0,-1.0,1.6666666666666667,2.0,supercritical
214,2,5.0,10,20.0,1.6666666666666667,2.0,2.0,supercritical
214,3,10.0,20,15.0,2.0,2.0,0.75,supercritical
214,4,20.0,15,28.0,2.0,0.75,1.8666666666666667,extinguished
214,5,15.0,28,31.0,0.75,1.8666666666666667,1.1071428571428572,supercritical
214,6,28.0,31,51.0,1.8666666666666667,1.1071428571428572,1.6451612903225807,supercritical
214,7,31.0,51,46.0,1.1071428571428572,1.6451612903225807,0.9019607843137256,supercritical
214,8,51.0,46,61.0,1.6451612903225807,0.9019607843137256,1.326086956521739,extinguished
214,9,46.0,61,48.0,0.9019607843137256,1.326086956521739,0.7868852459016393,supercritical
214,10,61.0,48,48.0,1.326086956521739,0.7868852459016393,1.0,extinguished
214,11,48.0,48,48.0,0.7868852459016393,1.0,1.0,equilibrium
214,12,48.0,48,48.0,1.0,1.0,1.0,equilibrium
214,13,48.0,48,52.0,1.0,1.0,1.0833333333333333,equilibrium
214,14,48.0,52,65.0,1.0,1.0833333333333333,1.25,supercritical
214,15,52.0,65,43.0,1.0833333333333333,1.25,0.6615384615384615,supercritical
214,16,65.0,43,49.0,1.25,0.6615384615384615,1.1395348837209305,extinguished
214,17,43.0,49,66.0,0.6615384615384615,1.1395348837209305,1.346938775510204,supercritical
214,18,49.0,66,55.0,1.1395348837209305,1.346938775510204,0.8333333333333334,supercritical
214,19,66.0,55,-1.0,1.346938775510204,0.8333333333333334,-1.0,extinguished
215,0,-1.0,3,8.0,-1.0,-1.0,2.6666666666666665,initial
215,1,3.0,8,13.0,-1.0,2.6666666666666665,1.625,supercritical
215,2,8.0,13,36.0,2.6666666666666665,1.625,2.769230769230769,supercritical
215,3,13.0,36,54.0,1.625,2.769230769230769,1.5,supercritical
215,4,36.0,54,43.0,2.769230769230769,1.5,0.7962962962962963,supercritical
215,5,54.0,43,57.0,1.5,0.7962962962962963,1.3255813953488371,extinguished
215,6,43.0,57,44.0,0.7962962962962963,1.3255813953488371,0.7719298245614035,supercritical
215,7,57.0,44,49.0,1.3255813953488371,0.7719298245614035,1.1136363636363635,extinguished
215,8,44.0,49,47.0,0.7719298245614035,1.1136363636363635,0.9591836734693876,supercritical
215,9,49.0,47,46.0,1.1136363636363635,0.9591836734693876,0.9787234042553192,equilibrium
215,10,47.0,46,56.0,0.9591836734693876,0.9787234042553192,1.2173913043478262,equilibrium
215,11,46.0,56,50.0,0.9787234042553192,1.2173913043478262,0.8928571428571429,supercritical
215,12,56.0,50,46.0,1.2173913043478262,0.8928571428571429,0.92,extinguished
215,13,50.0,46,61.0,0.8928571428571429,0.92,1.326086956521739,extinguished
215,14,46.0,61,69.0,0.92,1.326086956521739,1.1311475409836065,supercritical
215,15,61.0,69,27.0,1.326086956521739,1.1311475409836065,0.391304347826087,supercritical
215,16,69.0,27,42.0,1.1311475409836065,0.391304347826087,1.5555555555555556,extinguished
215,17,27.0,42,54.0,0.391304347826087,1.5555555555555556,1.2857142857142858,supercritical
215,18,42.0,54,80.0,1.5555555555555556,1.2857142857142858,1.4814814814814814,supercritical
215,19,54.0,80,-1.0,1.2857142857142858,1.4814814814814814,-1.0,supercritical
216,0,-1.0,5,4.0,-1.0,-1.0,0.8,initial
216,1,5.0,4,6.0,-1.0,0.8,1.5,extinguished
216,2,4.0,6,7.0,0.8,1.5,1.1666666666666667,supercritical
216,3,6.0,7,14.0,1.5,1.1666666666666667,2.0,supercritical
216,4,7.0,14,18.0,1.1666666666666667,2.0,1.2857142857142858,supercritical
216,5,14.0,18,22.0,2.0,1.2857142857142858,1.2222222222222223,supercritical
216,6,18.0,22,36.0,1.2857142857142858,1.2222222222222223,1.6363636363636365,supercritical
216,7,22.0,36,41.0,1.2222222222222223,1.6363636363636365,1.1388888888888888,supercritical
216,8,36.0,41,44.0,1.6363636363636365,1.1388888888888888,1.0731707317073171,supercritical
216,9,41.0,44,46.0,1.1388888888888888,1.0731707317073171,1.0454545454545454,supercritical
216,10,44.0,46,45.0,1.0731707317073171,1.0454545454545454,0.9782608695652174,equilibrium
216,11,46.0,45,39.0,1.0454545454545454,0.9782608695652174,0.8666666666666667,equilibrium
216,12,45.0,39,36.0,0.9782608695652174,0.8666666666666667,0.9230769230769232,extinguished
216,13,39.0,36,38.0,0.8666666666666667,0.9230769230769232,1.0555555555555556,extinguished
216,14,36.0,38,48.0,0.9230769230769232,1.0555555555555556,1.263157894736842,supercritical
216,15,38.0,48,35.0,1.0555555555555556,1.263157894736842,0.7291666666666666,supercritical
216,16,48.0,35,40.0,1.263157894736842,0.7291666666666666,1.1428571428571428,extinguished
216,17,35.0,40,27.0,0.7291666666666666,1.1428571428571428,0.675,supercritical
216,18,40.0,27,29.0,1.1428571428571428,0.675,1.0740740740740742,extinguished
216,19,27.0,29,-1.0,0.675,1.0740740740740742,-1.0,supercritical
217,0,-1.0,1,1.0,-1.0,-1.0,1.0,initial
217,1,1.0,1,0.0,-1.0,1.0,0.0,equilibrium
217,2,1.0,0,0.0,1.0,0.0,0.0,extinguished
217,3,0.0,0,0.0,0.0,0.0,0.0,extinguished
217,4,0.0,0,0.0,0.0,0.0,0.0,extinguished
217,5,0.0,0,0.0,0.0,0.0,0.0,extinguished
217,6,0.0,0,0.0,0.0,0.0,0.0,extinguished
217,7,0.0,0,0.0,0.0,0.0,0.0,extinguished
217,8,0.0,0,0.0,0.0,0.0,0.0,extinguished
217,9,0.0,0,0.0,0.0,0.0,0.0,extinguished
217,10,0.0,0,0.0,0.0,0.0,0.0,extinguished
217,11,0.0,0,0.0,0.0,0.0,0.0,extinguished
217,12,0.0,0,0.0,0.0,0.0,0.0,extinguished
217,13,0.0,0,0.0,0.0,0.0,0.0,extinguished
217,14,0.0,0,0.0,0.0,0.0,0.0,extinguished
217,15,0.0,0,0.0,0.0,0.0,0.0,extinguished
217,16,0.0,0,0.0,0.0,0.0,0.0,extinguished
217,17,0.0,0,0.0,0.0,0.0,0.0,extinguished
217,18,0.0,0,0.0,0.0,0.0,0.0,extinguished
217,19,0.0,0,-1.0,0.0,0.0,-1.0,extinguished
218,0,-1.0,3,8.0,-1.0,-1.0,2.6666666666666665,initial
218,1,3.0,8,10.0,-1.0,2.6666666666666665,1.25,supercritical
218,2,8.0,10,11.0,2.6666666666666665,1.25,1.1,supercritical
218,3,10.0,11,23.0,1.25,1.1,2.090909090909091,supercritical
218,4,11.0,23,54.0,1.1,2.090909090909091,2.347826086956522,supercritical
218,5,23.0,54,44.0,2.090909090909091,2.347826086956522,0.8148148148148148,supercritical
218,6,54.0,44,41.0,2.347826086956522,0.8148148148148148,0.9318181818181818,extinguished
218,7,44.0,41,67.0,0.8148148148148148,0.9318181818181818,1.6341463414634143,extinguished
218,8,41.0,67,32.0,0.9318181818181818,1.6341463414634143,0.4776119402985074,supercritical
218,9,67.0,32,68.0,1.6341463414634143,0.4776119402985074,2.125,extinguished
218,10,32.0,68,56.0,0.4776119402985074,2.125,0.8235294117647058,supercritical
218,11,68.0,56,47.0,2.125,0.8235294117647058,0.8392857142857143,extinguished
218,12,56.0,47,54.0,0.8235294117647058,0.8392857142857143,1.148936170212766,extinguished
218,13,47.0,54,65.0,0.8392857142857143,1.148936170212766,1.2037037037037035,supercritical
218,14,54.0,65,29.0,1.148936170212766,1.2037037037037035,0.4461538461538462,supercritical
218,15,65.0,29,40.0,1.2037037037037035,0.4461538461538462,1.3793103448275863,extinguished
218,16,29.0,40,39.0,0.4461538461538462,1.3793103448275863,0.975,supercritical
218,17,40.0,39,70.0,1.3793103448275863,0.975,1.794871794871795,equilibrium
218,18,39.0,70,43.0,0.975,1.794871794871795,0.6142857142857143,supercritical
218,19,70.0,43,-1.0,1.794871794871795,0.6142857142857143,-1.0,extinguished
219,0,-1.0,2,4.0,-1.0,-1.0,2.0,initial
219,1,2.0,4,5.0,-1.0,2.0,1.25,supercritical
219,2,4.0,5,11.0,2.0,1.25,2.2,supercritical
219,3,5.0,11,15.0,1.25,2.2,1.3636363636363635,supercritical
219,4,11.0,15,22.0,2.2,1.3636363636363635,1.4666666666666666,supercritical
219,5,15.0,22,28.0,1.3636363636363635,1.4666666666666666,1.2727272727272727,supercritical
219,6,22.0,28,31.0,1.4666666666666666,1.2727272727272727,1.1071428571428572,supercritical
219,7,28.0,31,40.0,1.2727272727272727,1.1071428571428572,1.2903225806451613,supercritical
219,8,31.0,40,44.0,1.1071428571428572,1.2903225806451613,1.1,supercritical
219,9,40.0,44,54.0,1.2903225806451613,1.1,1.2272727272727273,supercritical
219,10,44.0,54,50.0,1.1,1.2272727272727273,0.925925925925926,supercritical
219,11,54.0,50,36.0,1.2272727272727273,0.925925925925926,0.72,extinguished
219,12,50.0,36,42.0,0.925925925925926,0.72,1.1666666666666667,extinguished
219,13,36.0,42,27.0,0.72,1.1666666666666667,0.6428571428571429,supercritical
219,14,42.0,27,24.0,1.1666666666666667,0.6428571428571429,0.8888888888888888,extinguished
219,15,27.0,24,27.0,0.6428571428571429,0.8888888888888888,1.125,extinguished
219,16,24.0,27,28.0,0.8888888888888888,1.125,1.037037037037037,supercritical
219,17,27.0,28,29.0,1.125,1.037037037037037,1.0357142857142858,equilibrium
219,18,28.0,29,34.0,1.037037037037037,1.0357142857142858,1.1724137931034482,equilibrium
219,19,29.0,34,-1.0,1.0357142857142858,1.1724137931034482,-1.0,supercritical
220,0,-1.0,1,0.0,-1.0,-1.0,0.0,initial
220,1,1.0,0,0.0,-1.0,0.0,0.0,extinguished
220,2,0.0,0,0.0,0.0,0.0,0.0,extinguished
220,3,0.0,0,0.0,0.0,0.0,0.0,extinguished
220,4,0.0,0,0.0,0.0,0.0,0.0,extinguished
220,5,0.0,0,0.0,0.0,0.0,0.0,extinguished
220,6,0.0,0,0.0,0.0,0.0,0.0,extinguished
220,7,0.0,0,0.0,0.0,0.0,0.0,extinguished
220,8,0.0,0,0.0,0.0,0.0,0.0,extinguished
220,9,0.0,0,0.0,0.0,0.0,0.0,extinguished
220,10,0.0,0,0.0,0.0,0.0,0.0,extinguished
220,11,0.0,0,0.0,0.0,0.0,0.0,extinguished
220,12,0.0,0,0.0,0.0,0.0,0.0,extinguished
220,13,0.0,0,0.0,0.0,0.0,0.0,extinguished
220,14,0.0,0,0.0,0.0,0.0,0.0,extinguished
220,15,0.0,0,0.0,0.0,0.0,0.0,extinguished
220,16,0.0,0,0.0,0.0,0.0,0.0,extinguished
220,17,0.0,0,0.0,0.0,0.0,0.0,extinguished
220,18,0.0,0,0.0,0.0,0.0,0.0,extinguished
220,19,0.0,0,-1.0,0.0,0.0,-1.0,extinguished
221,0,-1.0,2,4.0,-1.0,-1.0,2.0,initial
221,1,2.0,4,5.0,-1.0,2.0,1.25,supercritical
221,2,4.0,5,11.0,2.0,1.25,2.2,supercritical
221,3,5.0,11,29.0,1.25,2.2,2.636363636363636,supercritical
221,4,11.0,29,38.0,2.2,2.636363636363636,1.3103448275862069,supercritical
221,5,29.0,38,51.0,2.636363636363636,1.3103448275862069,1.3421052631578947,supercritical
221,6,38.0,51,38.0,1.3103448275862069,1.3421052631578947,0.7450980392156863,supercritical
221,7,51.0,38,35.0,1.3421052631578947,0.7450980392156863,0.9210526315789472,extinguished
221,8,38.0,35,46.0,0.7450980392156863,0.9210526315789472,1.3142857142857145,extinguished
221,9,35.0,46,62.0,0.9210526315789472,1.3142857142857145,1.3478260869565215,supercritical
221,10,46.0,62,42.0,1.3142857142857145,1.3478260869565215,0.6774193548387096,supercritical
221,11,62.0,42,42.0,1.3478260869565215,0.6774193548387096,1.0,extinguished
221,12,42.0,42,53.0,0.6774193548387096,1.0,1.261904761904762,equilibrium
221,13,42.0,53,56.0,1.0,1.261904761904762,1.0566037735849056,supercritical
221,14,53.0,56,47.0,1.261904761904762,1.0566037735849056,0.8392857142857143,supercritical
221,15,56.0,47,48.0,1.0566037735849056,0.8392857142857143,1.0212765957446808,extinguished
221,16,47.0,48,50.0,0.8392857142857143,1.0212765957446808,1.0416666666666667,equilibrium
221,17,48.0,50,44.0,1.0212765957446808,1.0416666666666667,0.88,equilibrium
221,18,50.0,44,50.0,1.0416666666666667,0.88,1.1363636363636365,extinguished
221,19,44.0,50,-1.0,0.88,1.1363636363636365,-1.0,supercritical
222,0,-1.0,5,11.0,-1.0,-1.0,2.2,initial
222,1,5.0,11,28.0,-1.0,2.2,2.5454545454545454,supercritical
222,2,11.0,28,26.0,2.2,2.5454545454545454,0.9285714285714286,supercritical
222,3,28.0,26,50.0,2.5454545454545454,0.9285714285714286,1.9230769230769231,extinguished
222,4,26.0,50,58.0,0.9285714285714286,1.9230769230769231,1.16,supercritical
222,5,50.0,58,33.0,1.9230769230769231,1.16,0.5689655172413793,supercritical
222,6,58.0,33,44.0,1.16,0.5689655172413793,1.3333333333333333,extinguished
222,7,33.0,44,30.0,0.5689655172413793,1.3333333333333333,0.6818181818181818,supercritical
222,8,44.0,30,39.0,1.3333333333333333,0.6818181818181818,1.3,extinguished
222,9,30.0,39,44.0,0.6818181818181818,1.3,1.1282051282051282,supercritical
222,10,39.0,44,47.0,1.3,1.1282051282051282,1.068181818181818,supercritical
222,11,44.0,47,47.0,1.1282051282051282,1.068181818181818,1.0,supercritical
222,12,47.0,47,35.0,1.068181818181818,1.0,0.7446808510638298,equilibrium
222,13,47.0,35,47.0,1.0,0.7446808510638298,1.3428571428571427,extinguished
222,14,35.0,47,57.0,0.7446808510638298,1.3428571428571427,1.2127659574468086,supercritical
222,15,47.0,57,49.0,1.3428571428571427,1.2127659574468086,0.8596491228070176,supercritical
222,16,57.0,49,42.0,1.2127659574468086,0.8596491228070176,0.8571428571428571,extinguished
222,17,49.0,42,46.0,0.8596491228070176,0.8571428571428571,1.0952380952380951,extinguished
222,18,42.0,46,30.0,0.8571428571428571,1.0952380952380951,0.6521739130434783,supercritical
222,19,46.0,30,-1.0,1.0952380952380951,0.6521739130434783,-1.0,extinguished
223,0,-1.0,4,6.0,-1.0,-1.0,1.5,initial
223,1,4.0,6,13.0,-1.0,1.5,2.1666666666666665,supercritical
223,2,6.0,13,23.0,1.5,2.1666666666666665,1.7692307692307692,supercritical
223,3,13.0,23,45.0,2.1666666666666665,1.7692307692307692,1.9565217391304348,supercritical
223,4,23.0,45,76.0,1.7692307692307692,1.9565217391304348,1.6888888888888889,supercritical
223,5,45.0,76,12.0,1.9565217391304348,1.6888888888888889,0.1578947368421052,supercritical
223,6,76.0,12,23.0,1.6888888888888889,0.1578947368421052,1.9166666666666667,extinguished
223,7,12.0,23,34.0,0.1578947368421052,1.9166666666666667,1.4782608695652173,supercritical
223,8,23.0,34,45.0,1.9166666666666667,1.4782608695652173,1.3235294117647058,supercritical
223,9,34.0,45,45.0,1.4782608695652173,1.3235294117647058,1.0,supercritical
223,10,45.0,45,49.0,1.3235294117647058,1.0,1.0888888888888888,equilibrium
223,11,45.0,49,45.0,1.0,1.0888888888888888,0.9183673469387756,supercritical
223,12,49.0,45,46.0,1.0888888888888888,0.9183673469387756,1.022222222222222,extinguished
223,13,45.0,46,46.0,0.9183673469387756,1.022222222222222,1.0,equilibrium
223,14,46.0,46,52.0,1.022222222222222,1.0,1.1304347826086956,equilibrium
223,15,46.0,52,57.0,1.0,1.1304347826086956,1.0961538461538465,supercritical
223,16,52.0,57,34.0,1.1304347826086956,1.0961538461538465,0.5964912280701754,supercritical
223,17,57.0,34,40.0,1.0961538461538465,0.5964912280701754,1.1764705882352942,extinguished
223,18,34.0,40,56.0,0.5964912280701754,1.1764705882352942,1.4,supercritical
223,19,40.0,56,-1.0,1.1764705882352942,1.4,-1.0,supercritical
224,0,-1.0,4,7.0,-1.0,-1.0,1.75,initial
224,1,4.0,7,8.0,-1.0,1.75,1.1428571428571428,supercritical
224,2,7.0,8,18.0,1.75,1.1428571428571428,2.25,supercritical
224,3,8.0,18,29.0,1.1428571428571428,2.25,1.6111111111111112,supercritical
224,4,18.0,29,32.0,2.25,1.6111111111111112,1.103448275862069,supercritical
224,5,29.0,32,36.0,1.6111111111111112,1.103448275862069,1.125,supercritical
224,6,32.0,36,36.0,1.103448275862069,1.125,1.0,supercritical
224,7,36.0,36,41.0,1.125,1.0,1.1388888888888888,equilibrium
224,8,36.0,41,40.0,1.0,1.1388888888888888,0.975609756097561,supercritical
224,9,41.0,40,50.0,1.1388888888888888,0.975609756097561,1.25,equilibrium
224,10,40.0,50,44.0,0.975609756097561,1.25,0.88,supercritical
224,11,50.0,44,28.0,1.25,0.88,0.6363636363636364,extinguished
224,12,44.0,28,32.0,0.88,0.6363636363636364,1.1428571428571428,extinguished
224,13,28.0,32,35.0,0.6363636363636364,1.1428571428571428,1.09375,supercritical
224,14,32.0,35,32.0,1.1428571428571428,1.09375,0.9142857142857144,supercritical
224,15,35.0,32,61.0,1.09375,0.9142857142857144,1.90625,extinguished
224,16,32.0,61,72.0,0.9142857142857144,1.90625,1.180327868852459,supercritical
224,17,61.0,72,33.0,1.90625,1.180327868852459,0.4583333333333333,supercritical
224,18,72.0,33,19.0,1.180327868852459,0.4583333333333333,0.5757575757575758,extinguished
224,19,33.0,19,-1.0,0.4583333333333333,0.5757575757575758,-1.0,extinguished
225,0,-1.0,1,4.0,-1.0,-1.0,4.0,initial
225,1,1.0,4,14.0,-1.0,4.0,3.5,supercritical
225,2,4.0,14,23.0,4.0,3.5,1.6428571428571428,supercritical
225,3,14.0,23,40.0,3.5,1.6428571428571428,1.7391304347826086,supercritical
225,4,23.0,40,74.0,1.6428571428571428,1.7391304347826086,1.85,supercritical
225,5,40.0,74,59.0,1.7391304347826086,1.85,0.7972972972972973,supercritical
225,6,74.0,59,66.0,1.85,0.7972972972972973,1.11864406779661,extinguished
225,7,59.0,66,37.0,0.7972972972972973,1.11864406779661,0.5606060606060606,supercritical
225,8,66.0,37,37.0,1.11864406779661,0.5606060606060606,1.0,extinguished
225,9,37.0,37,59.0,0.5606060606060606,1.0,1.5945945945945943,equilibrium
225,10,37.0,59,34.0,1.0,1.5945945945945943,0.576271186440678,supercritical
225,11,59.0,34,37.0,1.5945945945945943,0.576271186440678,1.088235294117647,extinguished
225,12,34.0,37,55.0,0.576271186440678,1.088235294117647,1.4864864864864864,supercritical
225,13,37.0,55,56.0,1.088235294117647,1.4864864864864864,1.018181818181818,supercritical
225,14,55.0,56,45.0,1.4864864864864864,1.018181818181818,0.8035714285714286,equilibrium
225,15,56.0,45,52.0,1.018181818181818,0.8035714285714286,1.1555555555555554,extinguished
225,16,45.0,52,45.0,0.8035714285714286,1.1555555555555554,0.8653846153846154,supercritical
225,17,52.0,45,42.0,1.1555555555555554,0.8653846153846154,0.9333333333333332,extinguished
225,18,45.0,42,50.0,0.8653846153846154,0.9333333333333332,1.1904761904761905,extinguished
225,19,42.0,50,-1.0,0.9333333333333332,1.1904761904761905,-1.0,supercritical
226,0,-1.0,3,0.0,-1.0,-1.0,0.0,initial
226,1,3.0,0,0.0,-1.0,0.0,0.0,extinguished
226,2,0.0,0,0.0,0.0,0.0,0.0,extinguished
226,3,0.0,0,0.0,0.0,0.0,0.0,extinguished
226,4,0.0,0,0.0,0.0,0.0,0.0,extinguished
226,5,0.0,0,0.0,0.0,0.0,0.0,extinguished
226,6,0.0,0,0.0,0.0,0.0,0.0,extinguished
226,7,0.0,0,0.0,0.0,0.0,0.0,extinguished
226,8,0.0,0,0.0,0.0,0.0,0.0,extinguished
226,9,0.0,0,0.0,0.0,0.0,0.0,extinguished
226,10,0.0,0,0.0,0.0,0.0,0.0,extinguished
226,11,0.0,0,0.0,0.0,0.0,0.0,extinguished
226,12,0.0,0,0.0,0.0,0.0,0.0,extinguished
226,13,0.0,0,0.0,0.0,0.0,0.0,extinguished
226,14,0.0,0,0.0,0.0,0.0,0.0,extinguished
226,15,0.0,0,0.0,0.0,0.0,0.0,extinguished
226,16,0.0,0,0.0,0.0,0.0,0.0,extinguished
226,17,0.0,0,0.0,0.0,0.0,0.0,extinguished
226,18,0.0,0,0.0,0.0,0.0,0.0,extinguished
226,19,0.0,0,-1.0,0.0,0.0,-1.0,extinguished
227,0,-1.0,5,10.0,-1.0,-1.0,2.0,initial
227,1,5.0,10,22.0,-1.0,2.0,2.2,supercritical
227,2,10.0,22,39.0,2.0,2.2,1.7727272727272727,supercritical
227,3,22.0,39,44.0,2.2,1.7727272727272727,1.1282051282051282,supercritical
227,4,39.0,44,47.0,1.7727272727272727,1.1282051282051282,1.068181818181818,supercritical
227,5,44.0,47,50.0,1.1282051282051282,1.068181818181818,1.0638297872340423,supercritical
227,6,47.0,50,56.0,1.068181818181818,1.0638297872340423,1.12,supercritical
227,7,50.0,56,52.0,1.0638297872340423,1.12,0.9285714285714286,supercritical
227,8,56.0,52,60.0,1.12,0.9285714285714286,1.1538461538461535,extinguished
227,9,52.0,60,44.0,0.9285714285714286,1.1538461538461535,0.7333333333333333,supercritical
227,10,60.0,44,51.0,1.1538461538461535,0.7333333333333333,1.1590909090909092,extinguished
227,11,44.0,51,50.0,0.7333333333333333,1.1590909090909092,0.9803921568627452,supercritical
227,12,51.0,50,59.0,1.1590909090909092,0.9803921568627452,1.18,equilibrium
227,13,50.0,59,51.0,0.9803921568627452,1.18,0.864406779661017,supercritical
227,14,59.0,51,60.0,1.18,0.864406779661017,1.1764705882352942,extinguished
227,15,51.0,60,67.0,0.864406779661017,1.1764705882352942,1.1166666666666667,supercritical
227,16,60.0,67,55.0,1.1764705882352942,1.1166666666666667,0.8208955223880597,supercritical
227,17,67.0,55,44.0,1.1166666666666667,0.8208955223880597,0.8,extinguished
227,18,55.0,44,56.0,0.8208955223880597,0.8,1.2727272727272727,extinguished
227,19,44.0,56,-1.0,0.8,1.2727272727272727,-1.0,supercritical
228,0,-1.0,4,6.0,-1.0,-1.0,1.5,initial
228,1,4.0,6,14.0,-1.0,1.5,2.333333333333333,supercritical
228,2,6.0,14,28.0,1.5,2.333333333333333,2.0,supercritical
228,3,14.0,28,48.0,2.333333333333333,2.0,1.7142857142857142,supercritical
228,4,28.0,48,48.0,2.0,1.7142857142857142,1.0,supercritical
228,5,48.0,48,45.0,1.7142857142857142,1.0,0.9375,equilibrium
228,6,48.0,45,50.0,1.0,0.9375,1.1111111111111112,extinguished
228,7,45.0,50,59.0,0.9375,1.1111111111111112,1.18,supercritical
228,8,50.0,59,59.0,1.1111111111111112,1.18,1.0,supercritical
228,9,59.0,59,63.0,1.18,1.0,1.0677966101694916,equilibrium
228,10,59.0,63,50.0,1.0,1.0677966101694916,0.7936507936507936,supercritical
228,11,63.0,50,46.0,1.0677966101694916,0.7936507936507936,0.92,extinguished
228,12,50.0,46,50.0,0.7936507936507936,0.92,1.0869565217391304,extinguished
228,13,46.0,50,83.0,0.92,1.0869565217391304,1.66,supercritical
228,14,50.0,83,12.0,1.0869565217391304,1.66,0.144578313253012,supercritical
228,15,83.0,12,30.0,1.66,0.144578313253012,2.5,extinguished
228,16,12.0,30,52.0,0.144578313253012,2.5,1.7333333333333334,supercritical
228,17,30.0,52,63.0,2.5,1.7333333333333334,1.2115384615384617,supercritical
228,18,52.0,63,44.0,1.7333333333333334,1.2115384615384617,0.6984126984126984,supercritical
228,19,63.0,44,-1.0,1.2115384615384617,0.6984126984126984,-1.0,extinguished
229,0,-1.0,4,6.0,-1.0,-1.0,1.5,initial
229,1,4.0,6,13.0,-1.0,1.5,2.1666666666666665,supercritical
229,2,6.0,13,32.0,1.5,2.1666666666666665,2.4615384615384617,supercritical
229,3,13.0,32,49.0,2.1666666666666665,2.4615384615384617,1.53125,supercritical
229,4,32.0,49,49.0,2.4615384615384617,1.53125,1.0,supercritical
229,5,49.0,49,68.0,1.53125,1.0,1.3877551020408163,equilibrium
229,6,49.0,68,31.0,1.0,1.3877551020408163,0.4558823529411764,supercritical
229,7,68.0,31,45.0,1.3877551020408163,0.4558823529411764,1.4516129032258065,extinguished
229,8,31.0,45,48.0,0.4558823529411764,1.4516129032258065,1.0666666666666669,supercritical
229,9,45.0,48,47.0,1.4516129032258065,1.0666666666666669,0.9791666666666666,supercritical
229,10,48.0,47,45.0,1.0666666666666669,0.9791666666666666,0.9574468085106383,equilibrium
229,11,47.0,45,51.0,0.9791666666666666,0.9574468085106383,1.1333333333333333,equilibrium
229,12,45.0,51,32.0,0.9574468085106383,1.1333333333333333,0.6274509803921569,supercritical
229,13,51.0,32,55.0,1.1333333333333333,0.6274509803921569,1.71875,extinguished
229,14,32.0,55,41.0,0.6274509803921569,1.71875,0.7454545454545455,supercritical
229,15,55.0,41,32.0,1.71875,0.7454545454545455,0.7804878048780488,extinguished
229,16,41.0,32,55.0,0.7454545454545455,0.7804878048780488,1.71875,extinguished
229,17,32.0,55,33.0,0.7804878048780488,1.71875,0.6,supercritical
229,18,55.0,33,32.0,1.71875,0.6,0.9696969696969696,extinguished
229,19,33.0,32,-1.0,0.6,0.9696969696969696,-1.0,equilibrium
230,0,-1.0,2,5.0,-1.0,-1.0,2.5,initial
230,1,2.0,5,9.0,-1.0,2.5,1.8,supercritical
230,2,5.0,9,14.0,2.5,1.8,1.5555555555555556,supercritical
230,3,9.0,14,25.0,1.8,1.5555555555555556,1.7857142857142858,supercritical
230,4,14.0,25,48.0,1.5555555555555556,1.7857142857142858,1.92,supercritical
230,5,25.0,48,56.0,1.7857142857142858,1.92,1.1666666666666667,supercritical
230,6,48.0,56,53.0,1.92,1.1666666666666667,0.9464285714285714,supercritical
230,7,56.0,53,39.0,1.1666666666666667,0.9464285714285714,0.7358490566037735,extinguished
230,8,53.0,39,48.0,0.9464285714285714,0.7358490566037735,1.2307692307692308,extinguished
230,9,39.0,48,40.0,0.7358490566037735,1.2307692307692308,0.8333333333333334,supercritical
230,10,48.0,40,45.0,1.2307692307692308,0.8333333333333334,1.125,extinguished
230,11,40.0,45,49.0,0.8333333333333334,1.125,1.0888888888888888,supercritical
230,12,45.0,49,48.0,1.125,1.0888888888888888,0.979591836734694,supercritical
230,13,49.0,48,38.0,1.0888888888888888,0.979591836734694,0.7916666666666666,equilibrium
230,14,48.0,38,58.0,0.979591836734694,0.7916666666666666,1.5263157894736843,extinguished
230,15,38.0,58,49.0,0.7916666666666666,1.5263157894736843,0.8448275862068966,supercritical
230,16,58.0,49,50.0,1.5263157894736843,0.8448275862068966,1.020408163265306,extinguished
230,17,49.0,50,66.0,0.8448275862068966,1.020408163265306,1.32,equilibrium
230,18,50.0,66,46.0,1.020408163265306,1.32,0.696969696969697,supercritical
230,19,66.0,46,-1.0,1.32,0.696969696969697,-1.0,extinguished
231,0,-1.0,1,2.0,-1.0,-1.0,2.0,initial
231,1,1.0,2,4.0,-1.0,2.0,2.0,supercritical
231,2,2.0,4,12.0,2.0,2.0,3.0,supercritical
231,3,4.0,12,26.0,2.0,3.0,2.1666666666666665,supercritical
231,4,12.0,26,28.0,3.0,2.1666666666666665,1.0769230769230769,supercritical
231,5,26.0,28,25.0,2.1666666666666665,1.0769230769230769,0.8928571428571429,supercritical
231,6,28.0,25,18.0,1.0769230769230769,0.8928571428571429,0.72,extinguished
231,7,25.0,18,19.0,0.8928571428571429,0.72,1.0555555555555556,extinguished
231,8,18.0,19,24.0,0.72,1.0555555555555556,1.263157894736842,supercritical
231,9,19.0,24,20.0,1.0555555555555556,1.263157894736842,0.8333333333333334,supercritical
231,10,24.0,20,22.0,1.263157894736842,0.8333333333333334,1.1,extinguished
231,11,20.0,22,36.0,0.8333333333333334,1.1,1.6363636363636365,supercritical
231,12,22.0,36,39.0,1.1,1.6363636363636365,1.0833333333333333,supercritical
231,13,36.0,39,43.0,1.6363636363636365,1.0833333333333333,1.1025641025641026,supercritical
231,14,39.0,43,45.0,1.0833333333333333,1.1025641025641026,1.0465116279069768,supercritical
231,15,43.0,45,42.0,1.1025641025641026,1.0465116279069768,0.9333333333333332,equilibrium
231,16,45.0,42,49.0,1.0465116279069768,0.9333333333333332,1.1666666666666667,extinguished
231,17,42.0,49,22.0,0.9333333333333332,1.1666666666666667,0.4489795918367347,supercritical
231,18,49.0,22,45.0,1.1666666666666667,0.4489795918367347,2.0454545454545454,extinguished
231,19,22.0,45,-1.0,0.4489795918367347,2.0454545454545454,-1.0,supercritical
232,0,-1.0,2,4.0,-1.0,-1.0,2.0,initial
232,1,2.0,4,4.0,-1.0,2.0,1.0,supercritical
232,2,4.0,4,4.0,2.0,1.0,1.0,equilibrium
232,3,4.0,4,8.0,1.0,1.0,2.0,equilibrium
232,4,4.0,8,13.0,1.0,2.0,1.625,supercritical
232,5,8.0,13,24.0,2.0,1.625,1.8461538461538465,supercritical
232,6,13.0,24,34.0,1.625,1.8461538461538465,1.4166666666666667,supercritical
232,7,24.0,34,46.0,1.8461538461538465,1.4166666666666667,1.3529411764705883,supercritical
232,8,34.0,46,50.0,1.4166666666666667,1.3529411764705883,1.0869565217391304,supercritical
232,9,46.0,50,47.0,1.3529411764705883,1.0869565217391304,0.94,supercritical
232,10,50.0,47,31.0,1.0869565217391304,0.94,0.6595744680851063,extinguished
232,11,47.0,31,43.0,0.94,0.6595744680851063,1.3870967741935485,extinguished
232,12,31.0,43,44.0,0.6595744680851063,1.3870967741935485,1.0232558139534884,supercritical
232,13,43.0,44,60.0,1.3870967741935485,1.0232558139534884,1.3636363636363635,equilibrium
232,14,44.0,60,33.0,1.0232558139534884,1.3636363636363635,0.55,supercritical
232,15,60.0,33,39.0,1.3636363636363635,0.55,1.181818181818182,extinguished
232,16,33.0,39,42.0,0.55,1.181818181818182,1.0769230769230769,supercritical
232,17,39.0,42,43.0,1.181818181818182,1.0769230769230769,1.0238095238095235,supercritical
232,18,42.0,43,44.0,1.0769230769230769,1.0238095238095235,1.0232558139534884,equilibrium
232,19,43.0,44,-1.0,1.0238095238095235,1.0232558139534884,-1.0,equilibrium
233,0,-1.0,3,4.0,-1.0,-1.0,1.3333333333333333,initial
233,1,3.0,4,7.0,-1.0,1.3333333333333333,1.75,supercritical
233,2,4.0,7,12.0,1.3333333333333333,1.75,1.7142857142857142,supercritical
233,3,7.0,12,25.0,1.75,1.7142857142857142,2.083333333333333,supercritical
233,4,12.0,25,51.0,1.7142857142857142,2.083333333333333,2.04,supercritical
233,5,25.0,51,70.0,2.083333333333333,2.04,1.3725490196078431,supercritical
233,6,51.0,70,51.0,2.04,1.3725490196078431,0.7285714285714285,supercritical
233,7,70.0,51,48.0,1.3725490196078431,0.7285714285714285,0.9411764705882352,extinguished
233,8,51.0,48,43.0,0.7285714285714285,0.9411764705882352,0.8958333333333334,extinguished
233,9,48.0,43,51.0,0.9411764705882352,0.8958333333333334,1.186046511627907,extinguished
233,10,43.0,51,54.0,0.8958333333333334,1.186046511627907,1.0588235294117647,supercritical
233,11,51.0,54,44.0,1.186046511627907,1.0588235294117647,0.8148148148148148,supercritical
233,12,54.0,44,50.0,1.0588235294117647,0.8148148148148148,1.1363636363636365,extinguished
233,13,44.0,50,51.0,0.8148148148148148,1.1363636363636365,1.02,supercritical
233,14,50.0,51,57.0,1.1363636363636365,1.02,1.1176470588235294,equilibrium
233,15,51.0,57,60.0,1.02,1.1176470588235294,1.0526315789473684,supercritical
233,16,57.0,60,52.0,1.1176470588235294,1.0526315789473684,0.8666666666666667,supercritical
233,17,60.0,52,48.0,1.0526315789473684,0.8666666666666667,0.9230769230769232,extinguished
233,18,52.0,48,64.0,0.8666666666666667,0.9230769230769232,1.3333333333333333,extinguished
233,19,48.0,64,-1.0,0.9230769230769232,1.3333333333333333,-1.0,supercritical
234,0,-1.0,1,0.0,-1.0,-1.0,0.0,initial
234,1,1.0,0,0.0,-1.0,0.0,0.0,extinguished
234,2,0.0,0,0.0,0.0,0.0,0.0,extinguished
234,3,0.0,0,0.0,0.0,0.0,0.0,extinguished
234,4,0.0,0,0.0,0.0,0.0,0.0,extinguished
234,5,0.0,0,0.0,0.0,0.0,0.0,extinguished
234,6,0.0,0,0.0,0.0,0.0,0.0,extinguished
234,7,0.0,0,0.0,0.0,0.0,0.0,extinguished
234,8,0.0,0,0.0,0.0,0.0,0.0,extinguished
234,9,0.0,0,0.0,0.0,0.0,0.0,extinguished
234,10,0.0,0,0.0,0.0,0.0,0.0,extinguished
234,11,0.0,0,0.0,0.0,0.0,0.0,extinguished
234,12,0.0,0,0.0,0.0,0.0,0.0,extinguished
234,13,0.0,0,0.0,0.0,0.0,0.0,extinguished
234,14,0.0,0,0.0,0.0,0.0,0.0,extinguished
234,15,0.0,0,0.0,0.0,0.0,0.0,extinguished
234,16,0.0,0,0.0,0.0,0.0,0.0,extinguished
234,17,0.0,0,0.0,0.0,0.0,0.0,extinguished
234,18,0.0,0,0.0,0.0,0.0,0.0,extinguished
234,19,0.0,0,-1.0,0.0,0.0,-1.0,extinguished
235,0,-1.0,1,2.0,-1.0,-1.0,2.0,initial
235,1,1.0,2,4.0,-1.0,2.0,2.0,supercritical
235,2,2.0,4,5.0,2.0,2.0,1.25,supercritical
235,3,4.0,5,9.0,2.0,1.25,1.8,supercritical
235,4,5.0,9,14.0,1.25,1.8,1.5555555555555556,supercritical
235,5,9.0,14,24.0,1.8,1.5555555555555556,1.7142857142857142,supercritical
235,6,14.0,24,26.0,1.5555555555555556,1.7142857142857142,1.0833333333333333,supercritical
235,7,24.0,26,40.0,1.7142857142857142,1.0833333333333333,1.5384615384615383,supercritical
235,8,26.0,40,47.0,1.0833333333333333,1.5384615384615383,1.175,supercritical
235,9,40.0,47,52.0,1.5384615384615383,1.175,1.1063829787234043,supercritical
235,10,47.0,52,56.0,1.175,1.1063829787234043,1.0769230769230769,supercritical
235,11,52.0,56,58.0,1.1063829787234043,1.0769230769230769,1.0357142857142858,supercritical
235,12,56.0,58,34.0,1.0769230769230769,1.0357142857142858,0.5862068965517241,equilibrium
235,13,58.0,34,39.0,1.0357142857142858,0.5862068965517241,1.1470588235294117,extinguished
235,14,34.0,39,53.0,0.5862068965517241,1.1470588235294117,1.358974358974359,supercritical
235,15,39.0,53,52.0,1.1470588235294117,1.358974358974359,0.981132075471698,supercritical
235,16,53.0,52,50.0,1.358974358974359,0.981132075471698,0.9615384615384616,equilibrium
235,17,52.0,50,40.0,0.981132075471698,0.9615384615384616,0.8,equilibrium
235,18,50.0,40,41.0,0.9615384615384616,0.8,1.025,extinguished
235,19,40.0,41,-1.0,0.8,1.025,-1.0,equilibrium
236,0,-1.0,1,1.0,-1.0,-1.0,1.0,initial
236,1,1.0,1,1.0,-1.0,1.0,1.0,equilibrium
236,2,1.0,1,2.0,1.0,1.0,2.0,equilibrium
236,3,1.0,2,5.0,1.0,2.0,2.5,supercritical
236,4,2.0,5,16.0,2.0,2.5,3.2,supercritical
236,5,5.0,16,39.0,2.5,3.2,2.4375,supercritical
236,6,16.0,39,49.0,3.2,2.4375,1.2564102564102564,supercritical
236,7,39.0,49,79.0,2.4375,1.2564102564102564,1.6122448979591837,supercritical
236,8,49.0,79,48.0,1.2564102564102564,1.6122448979591837,0.6075949367088608,supercritical
236,9,79.0,48,53.0,1.6122448979591837,0.6075949367088608,1.1041666666666667,extinguished
236,10,48.0,53,44.0,0.6075949367088608,1.1041666666666667,0.8301886792452831,supercritical
236,11,53.0,44,57.0,1.1041666666666667,0.8301886792452831,1.2954545454545454,extinguished
236,12,44.0,57,53.0,0.8301886792452831,1.2954545454545454,0.9298245614035088,supercritical
236,13,57.0,53,43.0,1.2954545454545454,0.9298245614035088,0.8113207547169812,extinguished
236,14,53.0,43,53.0,0.9298245614035088,0.8113207547169812,1.2325581395348837,extinguished
236,15,43.0,53,40.0,0.8113207547169812,1.2325581395348837,0.7547169811320755,supercritical
236,16,53.0,40,43.0,1.2325581395348837,0.7547169811320755,1.075,extinguished
236,17,40.0,43,43.0,0.7547169811320755,1.075,1.0,supercritical
236,18,43.0,43,38.0,1.075,1.0,0.8837209302325582,equilibrium
236,19,43.0,38,-1.0,1.0,0.8837209302325582,-1.0,extinguished
237,0,-1.0,4,8.0,-1.0,-1.0,2.0,initial
237,1,4.0,8,10.0,-1.0,2.0,1.25,supercritical
237,2,8.0,10,21.0,2.0,1.25,2.1,supercritical
237,3,10.0,21,30.0,1.25,2.1,1.4285714285714286,supercritical
237,4,21.0,30,58.0,2.1,1.4285714285714286,1.933333333333333,supercritical
237,5,30.0,58,41.0,1.4285714285714286,1.933333333333333,0.7068965517241379,supercritical
237,6,58.0,41,49.0,1.933333333333333,0.7068965517241379,1.195121951219512,extinguished
237,7,41.0,49,47.0,0.7068965517241379,1.195121951219512,0.9591836734693876,supercritical
237,8,49.0,47,58.0,1.195121951219512,0.9591836734693876,1.2340425531914894,equilibrium
237,9,47.0,58,60.0,0.9591836734693876,1.2340425531914894,1.0344827586206895,supercritical
237,10,58.0,60,41.0,1.2340425531914894,1.0344827586206895,0.6833333333333333,equilibrium
237,11,60.0,41,55.0,1.0344827586206895,0.6833333333333333,1.3414634146341464,extinguished
237,12,41.0,55,78.0,0.6833333333333333,1.3414634146341464,1.4181818181818182,supercritical
237,13,55.0,78,17.0,1.3414634146341464,1.4181818181818182,0.2179487179487179,supercritical
237,14,78.0,17,37.0,1.4181818181818182,0.2179487179487179,2.176470588235294,extinguished
237,15,17.0,37,53.0,0.2179487179487179,2.176470588235294,1.4324324324324325,supercritical
237,16,37.0,53,54.0,2.176470588235294,1.4324324324324325,1.018867924528302,supercritical
237,17,53.0,54,65.0,1.4324324324324325,1.018867924528302,1.2037037037037035,equilibrium
237,18,54.0,65,49.0,1.018867924528302,1.2037037037037035,0.7538461538461538,supercritical
237,19,65.0,49,-1.0,1.2037037037037035,0.7538461538461538,-1.0,extinguished
238,0,-1.0,1,2.0,-1.0,-1.0,2.0,initial
238,1,1.0,2,3.0,-1.0,2.0,1.5,supercritical
238,2,2.0,3,4.0,2.0,1.5,1.3333333333333333,supercritical
238,3,3.0,4,6.0,1.5,1.3333333333333333,1.5,supercritical
238,4,4.0,6,12.0,1.3333333333333333,1.5,2.0,supercritical
238,5,6.0,12,21.0,1.5,2.0,1.75,supercritical
238,6,12.0,21,32.0,2.0,1.75,1.5238095238095235,supercritical
238,7,21.0,32,39.0,1.75,1.5238095238095235,1.21875,supercritical
238,8,32.0,39,44.0,1.5238095238095235,1.21875,1.1282051282051282,supercritical
238,9,39.0,44,40.0,1.21875,1.1282051282051282,0.9090909090909092,supercritical
238,10,44.0,40,34.0,1.1282051282051282,0.9090909090909092,0.85,extinguished
238,11,40.0,34,42.0,0.9090909090909092,0.85,1.2352941176470589,extinguished
238,12,34.0,42,53.0,0.85,1.2352941176470589,1.261904761904762,supercritical
238,13,42.0,53,61.0,1.2352941176470589,1.261904761904762,1.150943396226415,supercritical
238,14,53.0,61,46.0,1.261904761904762,1.150943396226415,0.7540983606557377,supercritical
238,15,61.0,46,68.0,1.150943396226415,0.7540983606557377,1.4782608695652173,extinguished
238,16,46.0,68,51.0,0.7540983606557377,1.4782608695652173,0.75,supercritical
238,17,68.0,51,40.0,1.4782608695652173,0.75,0.7843137254901961,extinguished
238,18,51.0,40,44.0,0.75,0.7843137254901961,1.1,extinguished
238,19,40.0,44,-1.0,0.7843137254901961,1.1,-1.0,supercritical
239,0,-1.0,5,12.0,-1.0,-1.0,2.4,initial
239,1,5.0,12,21.0,-1.0,2.4,1.75,supercritical
239,2,12.0,21,29.0,2.4,1.75,1.380952380952381,supercritical
239,3,21.0,29,46.0,1.75,1.380952380952381,1.5862068965517242,supercritical
239,4,29.0,46,36.0,1.380952380952381,1.5862068965517242,0.782608695652174,supercritical
239,5,46.0,36,43.0,1.5862068965517242,0.782608695652174,1.1944444444444444,extinguished
239,6,36.0,43,43.0,0.782608695652174,1.1944444444444444,1.0,supercritical
239,7,43.0,43,45.0,1.1944444444444444,1.0,1.0465116279069768,equilibrium
239,8,43.0,45,42.0,1.0,1.0465116279069768,0.9333333333333332,equilibrium
239,9,45.0,42,47.0,1.0465116279069768,0.9333333333333332,1.119047619047619,extinguished
239,10,42.0,47,50.0,0.9333333333333332,1.119047619047619,1.0638297872340423,supercritical
239,11,47.0,50,51.0,1.119047619047619,1.0638297872340423,1.02,supercritical
239,12,50.0,51,26.0,1.0638297872340423,1.02,0.5098039215686274,equilibrium
239,13,51.0,26,47.0,1.02,0.5098039215686274,1.807692307692308,extinguished
239,14,26.0,47,52.0,0.5098039215686274,1.807692307692308,1.1063829787234043,supercritical
239,15,47.0,52,48.0,1.807692307692308,1.1063829787234043,0.9230769230769232,supercritical
239,16,52.0,48,40.0,1.1063829787234043,0.9230769230769232,0.8333333333333334,extinguished
239,17,48.0,40,53.0,0.9230769230769232,0.8333333333333334,1.325,extinguished
239,18,40.0,53,53.0,0.8333333333333334,1.325,1.0,supercritical
239,19,53.0,53,-1.0,1.325,1.0,-1.0,equilibrium
240,0,-1.0,5,9.0,-1.0,-1.0,1.8,initial
240,1,5.0,9,14.0,-1.0,1.8,1.5555555555555556,supercritical
240,2,9.0,14,30.0,1.8,1.5555555555555556,2.142857142857143,supercritical
240,3,14.0,30,29.0,1.5555555555555556,2.142857142857143,0.9666666666666668,supercritical
240,4,30.0,29,43.0,2.142857142857143,0.9666666666666668,1.4827586206896552,equilibrium
240,5,29.0,43,49.0,0.9666666666666668,1.4827586206896552,1.1395348837209305,supercritical
240,6,43.0,49,50.0,1.4827586206896552,1.1395348837209305,1.020408163265306,supercritical
240,7,49.0,50,69.0,1.1395348837209305,1.020408163265306,1.38,equilibrium
240,8,50.0,69,53.0,1.020408163265306,1.38,0.7681159420289855,supercritical
240,9,69.0,53,37.0,1.38,0.7681159420289855,0.6981132075471698,extinguished
240,10,53.0,37,34.0,0.7681159420289855,0.6981132075471698,0.918918918918919,extinguished
240,11,37.0,34,33.0,0.6981132075471698,0.918918918918919,0.9705882352941176,extinguished
240,12,34.0,33,34.0,0.918918918918919,0.9705882352941176,1.0303030303030305,equilibrium
240,13,33.0,34,35.0,0.9705882352941176,1.0303030303030305,1.0294117647058822,equilibrium
240,14,34.0,35,43.0,1.0303030303030305,1.0294117647058822,1.2285714285714286,equilibrium
240,15,35.0,43,48.0,1.0294117647058822,1.2285714285714286,1.1162790697674418,supercritical
240,16,43.0,48,53.0,1.2285714285714286,1.1162790697674418,1.1041666666666667,supercritical
240,17,48.0,53,50.0,1.1162790697674418,1.1041666666666667,0.9433962264150944,supercritical
240,18,53.0,50,44.0,1.1041666666666667,0.9433962264150944,0.88,extinguished
240,19,50.0,44,-1.0,0.9433962264150944,0.88,-1.0,extinguished
241,0,-1.0,4,12.0,-1.0,-1.0,3.0,initial
241,1,4.0,12,23.0,-1.0,3.0,1.9166666666666667,supercritical
241,2,12.0,23,59.0,3.0,1.9166666666666667,2.565217391304348,supercritical
241,3,23.0,59,48.0,1.9166666666666667,2.565217391304348,0.8135593220338984,supercritical
241,4,59.0,48,60.0,2.565217391304348,0.8135593220338984,1.25,extinguished
241,5,48.0,60,44.0,0.8135593220338984,1.25,0.7333333333333333,supercritical
241,6,60.0,44,43.0,1.25,0.7333333333333333,0.9772727272727272,extinguished
241,7,44.0,43,48.0,0.7333333333333333,0.9772727272727272,1.1162790697674418,equilibrium
241,8,43.0,48,59.0,0.9772727272727272,1.1162790697674418,1.2291666666666667,supercritical
241,9,48.0,59,47.0,1.1162790697674418,1.2291666666666667,0.7966101694915254,supercritical
241,10,59.0,47,40.0,1.2291666666666667,0.7966101694915254,0.851063829787234,extinguished
241,11,47.0,40,54.0,0.7966101694915254,0.851063829787234,1.35,extinguished
241,12,40.0,54,50.0,0.851063829787234,1.35,0.925925925925926,supercritical
241,13,54.0,50,46.0,1.35,0.925925925925926,0.92,extinguished
241,14,50.0,46,66.0,0.925925925925926,0.92,1.434782608695652,extinguished
241,15,46.0,66,24.0,0.92,1.434782608695652,0.3636363636363636,supercritical
241,16,66.0,24,45.0,1.434782608695652,0.3636363636363636,1.875,extinguished
241,17,24.0,45,40.0,0.3636363636363636,1.875,0.8888888888888888,supercritical
241,18,45.0,40,44.0,1.875,0.8888888888888888,1.1,extinguished
241,19,40.0,44,-1.0,0.8888888888888888,1.1,-1.0,supercritical
242,0,-1.0,5,11.0,-1.0,-1.0,2.2,initial
242,1,5.0,11,23.0,-1.0,2.2,2.090909090909091,supercritical
242,2,11.0,23,40.0,2.2,2.090909090909091,1.7391304347826086,supercritical
242,3,23.0,40,47.0,2.090909090909091,1.7391304347826086,1.175,supercritical
242,4,40.0,47,45.0,1.7391304347826086,1.175,0.9574468085106383,supercritical
242,5,47.0,45,48.0,1.175,0.9574468085106383,1.0666666666666669,equilibrium
242,6,45.0,48,43.0,0.9574468085106383,1.0666666666666669,0.8958333333333334,supercritical
242,7,48.0,43,55.0,1.0666666666666669,0.8958333333333334,1.2790697674418603,extinguished
242,8,43.0,55,60.0,0.8958333333333334,1.2790697674418603,1.0909090909090908,supercritical
242,9,55.0,60,46.0,1.2790697674418603,1.0909090909090908,0.7666666666666667,supercritical
242,10,60.0,46,40.0,1.0909090909090908,0.7666666666666667,0.8695652173913043,extinguished
242,11,46.0,40,43.0,0.7666666666666667,0.8695652173913043,1.075,extinguished
242,12,40.0,43,54.0,0.8695652173913043,1.075,1.255813953488372,supercritical
242,13,43.0,54,55.0,1.075,1.255813953488372,1.0185185185185186,supercritical
242,14,54.0,55,70.0,1.255813953488372,1.0185185185185186,1.2727272727272727,equilibrium
242,15,55.0,70,47.0,1.0185185185185186,1.2727272727272727,0.6714285714285714,supercritical
242,16,70.0,47,52.0,1.2727272727272727,0.6714285714285714,1.1063829787234043,extinguished
242,17,47.0,52,54.0,0.6714285714285714,1.1063829787234043,1.0384615384615383,supercritical
242,18,52.0,54,36.0,1.1063829787234043,1.0384615384615383,0.6666666666666666,equilibrium
242,19,54.0,36,-1.0,1.0384615384615383,0.6666666666666666,-1.0,extinguished
243,0,-1.0,4,8.0,-1.0,-1.0,2.0,initial
243,1,4.0,8,13.0,-1.0,2.0,1.625,supercritical
243,2,8.0,13,19.0,2.0,1.625,1.4615384615384617,supercritical
243,3,13.0,19,30.0,1.625,1.4615384615384617,1.5789473684210529,supercritical
243,4,19.0,30,49.0,1.4615384615384617,1.5789473684210529,1.6333333333333333,supercritical
243,5,30.0,49,51.0,1.5789473684210529,1.6333333333333333,1.0408163265306123,supercritical
243,6,49.0,51,66.0,1.6333333333333333,1.0408163265306123,1.2941176470588236,equilibrium
243,7,51.0,66,43.0,1.0408163265306123,1.2941176470588236,0.6515151515151515,supercritical
243,8,66.0,43,53.0,1.2941176470588236,0.6515151515151515,1.2325581395348837,extinguished
243,9,43.0,53,60.0,0.6515151515151515,1.2325581395348837,1.1320754716981132,supercritical
243,10,53.0,60,37.0,1.2325581395348837,1.1320754716981132,0.6166666666666667,supercritical
243,11,60.0,37,55.0,1.1320754716981132,0.6166666666666667,1.4864864864864864,extinguished
243,12,37.0,55,41.0,0.6166666666666667,1.4864864864864864,0.7454545454545455,supercritical
243,13,55.0,41,56.0,1.4864864864864864,0.7454545454545455,1.3658536585365857,extinguished
243,14,41.0,56,52.0,0.7454545454545455,1.3658536585365857,0.9285714285714286,supercritical
243,15,56.0,52,57.0,1.3658536585365857,0.9285714285714286,1.0961538461538465,extinguished
243,16,52.0,57,31.0,0.9285714285714286,1.0961538461538465,0.543859649122807,supercritical
243,17,57.0,31,48.0,1.0961538461538465,0.543859649122807,1.5483870967741935,extinguished
243,18,31.0,48,69.0,0.543859649122807,1.5483870967741935,1.4375,supercritical
243,19,48.0,69,-1.0,1.5483870967741935,1.4375,-1.0,supercritical
244,0,-1.0,2,3.0,-1.0,-1.0,1.5,initial
244,1,2.0,3,7.0,-1.0,1.5,2.333333333333333,supercritical
244,2,3.0,7,10.0,1.5,2.333333333333333,1.4285714285714286,supercritical
244,3,7.0,10,21.0,2.333333333333333,1.4285714285714286,2.1,supercritical
244,4,10.0,21,37.0,1.4285714285714286,2.1,1.761904761904762,supercritical
244,5,21.0,37,55.0,2.1,1.761904761904762,1.4864864864864864,supercritical
244,6,37.0,55,38.0,1.761904761904762,1.4864864864864864,0.6909090909090909,supercritical
244,7,55.0,38,43.0,1.4864864864864864,0.6909090909090909,1.131578947368421,extinguished
244,8,38.0,43,31.0,0.6909090909090909,1.131578947368421,0.7209302325581395,supercritical
244,9,43.0,31,42.0,1.131578947368421,0.7209302325581395,1.3548387096774193,extinguished
244,10,31.0,42,36.0,0.7209302325581395,1.3548387096774193,0.8571428571428571,supercritical
244,11,42.0,36,35.0,1.3548387096774193,0.8571428571428571,0.9722222222222222,extinguished
244,12,36.0,35,35.0,0.8571428571428571,0.9722222222222222,1.0,equilibrium
244,13,35.0,35,52.0,0.9722222222222222,1.0,1.4857142857142858,equilibrium
244,14,35.0,52,42.0,1.0,1.4857142857142858,0.8076923076923077,supercritical
244,15,52.0,42,46.0,1.4857142857142858,0.8076923076923077,1.0952380952380951,extinguished
244,16,42.0,46,46.0,0.8076923076923077,1.0952380952380951,1.0,supercritical
244,17,46.0,46,60.0,1.0952380952380951,1.0,1.3043478260869563,equilibrium
244,18,46.0,60,58.0,1.0,1.3043478260869563,0.9666666666666668,supercritical
244,19,60.0,58,-1.0,1.3043478260869563,0.9666666666666668,-1.0,equilibrium
245,0,-1.0,1,2.0,-1.0,-1.0,2.0,initial
245,1,1.0,2,3.0,-1.0,2.0,1.5,supercritical
245,2,2.0,3,4.0,2.0,1.5,1.3333333333333333,supercritical
245,3,3.0,4,9.0,1.5,1.3333333333333333,2.25,supercritical
245,4,4.0,9,16.0,1.3333333333333333,2.25,1.7777777777777777,supercritical
245,5,9.0,16,23.0,2.25,1.7777777777777777,1.4375,supercritical
245,6,16.0,23,29.0,1.7777777777777777,1.4375,1.2608695652173914,supercritical
245,7,23.0,29,38.0,1.4375,1.2608695652173914,1.3103448275862069,supercritical
245,8,29.0,38,33.0,1.2608695652173914,1.3103448275862069,0.868421052631579,supercritical
245,9,38.0,33,47.0,1.3103448275862069,0.868421052631579,1.4242424242424243,extinguished
245,10,33.0,47,49.0,0.868421052631579,1.4242424242424243,1.0425531914893618,supercritical
245,11,47.0,49,48.0,1.4242424242424243,1.0425531914893618,0.979591836734694,equilibrium
245,12,49.0,48,55.0,1.0425531914893618,0.979591836734694,1.1458333333333333,equilibrium
245,13,48.0,55,42.0,0.979591836734694,1.1458333333333333,0.7636363636363637,supercritical
245,14,55.0,42,57.0,1.1458333333333333,0.7636363636363637,1.3571428571428572,extinguished
245,15,42.0,57,55.0,0.7636363636363637,1.3571428571428572,0.9649122807017544,supercritical
245,16,57.0,55,49.0,1.3571428571428572,0.9649122807017544,0.8909090909090909,equilibrium
245,17,55.0,49,56.0,0.9649122807017544,0.8909090909090909,1.1428571428571428,extinguished
245,18,49.0,56,71.0,0.8909090909090909,1.1428571428571428,1.2678571428571428,supercritical
245,19,56.0,71,-1.0,1.1428571428571428,1.2678571428571428,-1.0,supercritical
246,0,-1.0,2,6.0,-1.0,-1.0,3.0,initial
246,1,2.0,6,4.0,-1.0,3.0,0.6666666666666666,supercritical
246,2,6.0,4,9.0,3.0,0.6666666666666666,2.25,extinguished
246,3,4.0,9,12.0,0.6666666666666666,2.25,1.3333333333333333,supercritical
246,4,9.0,12,29.0,2.25,1.3333333333333333,2.4166666666666665,supercritical
246,5,12.0,29,26.0,1.3333333333333333,2.4166666666666665,0.896551724137931,supercritical
246,6,29.0,26,40.0,2.4166666666666665,0.896551724137931,1.5384615384615383,extinguished
246,7,26.0,40,39.0,0.896551724137931,1.5384615384615383,0.975,supercritical
246,8,40.0,39,50.0,1.5384615384615383,0.975,1.2820512820512822,equilibrium
246,9,39.0,50,43.0,0.975,1.2820512820512822,0.86,supercritical
246,10,50.0,43,50.0,1.2820512820512822,0.86,1.162790697674419,extinguished
246,11,43.0,50,58.0,0.86,1.162790697674419,1.16,supercritical
246,12,50.0,58,29.0,1.162790697674419,1.16,0.5,supercritical
246,13,58.0,29,35.0,1.16,0.5,1.206896551724138,extinguished
246,14,29.0,35,29.0,0.5,1.206896551724138,0.8285714285714286,supercritical
246,15,35.0,29,36.0,1.206896551724138,0.8285714285714286,1.2413793103448276,extinguished
246,16,29.0,36,59.0,0.8285714285714286,1.2413793103448276,1.6388888888888888,supercritical
246,17,36.0,59,47.0,1.2413793103448276,1.6388888888888888,0.7966101694915254,supercritical
246,18,59.0,47,33.0,1.6388888888888888,0.7966101694915254,0.7021276595744681,extinguished
246,19,47.0,33,-1.0,0.7966101694915254,0.7021276595744681,-1.0,extinguished
247,0,-1.0,4,6.0,-1.0,-1.0,1.5,initial
247,1,4.0,6,13.0,-1.0,1.5,2.1666666666666665,supercritical
247,2,6.0,13,31.0,1.5,2.1666666666666665,2.3846153846153846,supercritical
247,3,13.0,31,47.0,2.1666666666666665,2.3846153846153846,1.5161290322580645,supercritical
247,4,31.0,47,46.0,2.3846153846153846,1.5161290322580645,0.9787234042553192,supercritical
247,5,47.0,46,45.0,1.5161290322580645,0.9787234042553192,0.9782608695652174,equilibrium
247,6,46.0,45,29.0,0.9787234042553192,0.9782608695652174,0.6444444444444445,equilibrium
247,7,45.0,29,38.0,0.9782608695652174,0.6444444444444445,1.3103448275862069,extinguished
247,8,29.0,38,50.0,0.6444444444444445,1.3103448275862069,1.3157894736842106,supercritical
247,9,38.0,50,49.0,1.3103448275862069,1.3157894736842106,0.98,supercritical
247,10,50.0,49,65.0,1.3157894736842106,0.98,1.326530612244898,equilibrium
247,11,49.0,65,40.0,0.98,1.326530612244898,0.6153846153846154,supercritical
247,12,65.0,40,35.0,1.326530612244898,0.6153846153846154,0.875,extinguished
247,13,40.0,35,39.0,0.6153846153846154,0.875,1.1142857142857143,extinguished
247,14,35.0,39,36.0,0.875,1.1142857142857143,0.9230769230769232,supercritical
247,15,39.0,36,58.0,1.1142857142857143,0.9230769230769232,1.6111111111111112,extinguished
247,16,36.0,58,53.0,0.9230769230769232,1.6111111111111112,0.913793103448276,supercritical
247,17,58.0,53,53.0,1.6111111111111112,0.913793103448276,1.0,extinguished
247,18,53.0,53,44.0,0.913793103448276,1.0,0.8301886792452831,equilibrium
247,19,53.0,44,-1.0,1.0,0.8301886792452831,-1.0,extinguished
248,0,-1.0,5,16.0,-1.0,-1.0,3.2,initial
248,1,5.0,16,34.0,-1.0,3.2,2.125,supercritical
248,2,16.0,34,32.0,3.2,2.125,0.9411764705882352,supercritical
248,3,34.0,32,72.0,2.125,0.9411764705882352,2.25,extinguished
248,4,32.0,72,24.0,0.9411764705882352,2.25,0.3333333333333333,supercritical
248,5,72.0,24,36.0,2.25,0.3333333333333333,1.5,extinguished
248,6,24.0,36,64.0,0.3333333333333333,1.5,1.7777777777777777,supercritical
248,7,36.0,64,63.0,1.5,1.7777777777777777,0.984375,supercritical
248,8,64.0,63,63.0,1.7777777777777777,0.984375,1.0,equilibrium
248,9,63.0,63,44.0,0.984375,1.0,0.6984126984126984,equilibrium
248,10,63.0,44,40.0,1.0,0.6984126984126984,0.9090909090909092,extinguished
248,11,44.0,40,43.0,0.6984126984126984,0.9090909090909092,1.075,extinguished
248,12,40.0,43,62.0,0.9090909090909092,1.075,1.441860465116279,supercritical
248,13,43.0,62,55.0,1.075,1.441860465116279,0.8870967741935484,supercritical
248,14,62.0,55,59.0,1.441860465116279,0.8870967741935484,1.0727272727272728,extinguished
248,15,55.0,59,64.0,0.8870967741935484,1.0727272727272728,1.0847457627118644,supercritical
248,16,59.0,64,67.0,1.0727272727272728,1.0847457627118644,1.046875,supercritical
248,17,64.0,67,59.0,1.0847457627118644,1.046875,0.8805970149253731,equilibrium
248,18,67.0,59,38.0,1.046875,0.8805970149253731,0.6440677966101694,extinguished
248,19,59.0,38,-1.0,0.8805970149253731,0.6440677966101694,-1.0,extinguished
249,0,-1.0,4,10.0,-1.0,-1.0,2.5,initial
249,1,4.0,10,18.0,-1.0,2.5,1.8,supercritical
249,2,10.0,18,24.0,2.5,1.8,1.3333333333333333,supercritical
249,3,18.0,24,36.0,1.8,1.3333333333333333,1.5,supercritical
249,4,24.0,36,50.0,1.3333333333333333,1.5,1.3888888888888888,supercritical
249,5,36.0,50,42.0,1.5,1.3888888888888888,0.84,supercritical
249,6,50.0,42,53.0,1.3888888888888888,0.84,1.261904761904762,extinguished
249,7,42.0,53,43.0,0.84,1.261904761904762,0.8113207547169812,supercritical
249,8,53.0,43,57.0,1.261904761904762,0.8113207547169812,1.3255813953488371,extinguished
249,9,43.0,57,63.0,0.8113207547169812,1.3255813953488371,1.105263157894737,supercritical
249,10,57.0,63,32.0,1.3255813953488371,1.105263157894737,0.5079365079365079,supercritical
249,11,63.0,32,36.0,1.105263157894737,0.5079365079365079,1.125,extinguished
249,12,32.0,36,38.0,0.5079365079365079,1.125,1.0555555555555556,supercritical
249,13,36.0,38,57.0,1.125,1.0555555555555556,1.5,supercritical
249,14,38.0,57,45.0,1.0555555555555556,1.5,0.7894736842105263,supercritical
249,15,57.0,45,57.0,1.5,0.7894736842105263,1.2666666666666666,extinguished
249,16,45.0,57,68.0,0.7894736842105263,1.2666666666666666,1.1929824561403508,supercritical
249,17,57.0,68,26.0,1.2666666666666666,1.1929824561403508,0.3823529411764705,supercritical
249,18,68.0,26,28.0,1.1929824561403508,0.3823529411764705,1.0769230769230769,extinguished
249,19,26.0,28,-1.0,0.3823529411764705,1.0769230769230769,-1.0,supercritical
250,0,-1.0,3,0.0,-1.0,-1.0,0.0,initial
250,1,3.0,0,0.0,-1.0,0.0,0.0,extinguished
250,2,0.0,0,0.0,0.0,0.0,0.0,extinguished
250,3,0.0,0,0.0,0.0,0.0,0.0,extinguished
250,4,0.0,0,0.0,0.0,0.0,0.0,extinguished
250,5,0.0,0,0.0,0.0,0.0,0.0,extinguished
250,6,0.0,0,0.0,0.0,0.0,0.0,extinguished
250,7,0.0,0,0.0,0.0,0.0,0.0,extinguished
250,8,0.0,0,0.0,0.0,0.0,0.0,extinguished
250,9,0.0,0,0.0,0.0,0.0,0.0,extinguished
250,10,0.0,0,0.0,0.0,0.0,0.0,extinguished
250,11,0.0,0,0.0,0.0,0.0,0.0,extinguished
250,12,0.0,0,0.0,0.0,0.0,0.0,extinguished
250,13,0.0,0,0.0,0.0,0.0,0.0,extinguished
250,14,0.0,0,0.0,0.0,0.0,0.0,extinguished
250,15,0.0,0,0.0,0.0,0.0,0.0,extinguished
250,16,0.0,0,0.0,0.0,0.0,0.0,extinguished
250,17,0.0,0,0.0,0.0,0.0,0.0,extinguished
250,18,0.0,0,0.0,0.0,0.0,0.0,extinguished
250,19,0.0,0,-1.0,0.0,0.0,-1.0,extinguished
251,0,-1.0,3,7.0,-1.0,-1.0,2.333333333333333,initial
251,1,3.0,7,6.0,-1.0,2.333333333333333,0.8571428571428571,supercritical
251,2,7.0,6,18.0,2.333333333333333,0.8571428571428571,3.0,extinguished
251,3,6.0,18,34.0,0.8571428571428571,3.0,1.8888888888888888,supercritical
251,4,18.0,34,49.0,3.0,1.8888888888888888,1.4411764705882353,supercritical
251,5,34.0,49,60.0,1.8888888888888888,1.4411764705882353,1.2244897959183674,supercritical
251,6,49.0,60,37.0,1.4411764705882353,1.2244897959183674,0.6166666666666667,supercritical
251,7,60.0,37,52.0,1.2244897959183674,0.6166666666666667,1.4054054054054057,extinguished
251,8,37.0,52,49.0,0.6166666666666667,1.4054054054054057,0.9423076923076924,supercritical
251,9,52.0,49,41.0,1.4054054054054057,0.9423076923076924,0.8367346938775511,extinguished
251,10,49.0,41,42.0,0.9423076923076924,0.8367346938775511,1.024390243902439,extinguished
251,11,41.0,42,61.0,0.8367346938775511,1.024390243902439,1.4523809523809523,equilibrium
251,12,42.0,61,60.0,1.024390243902439,1.4523809523809523,0.9836065573770492,supercritical
251,13,61.0,60,42.0,1.4523809523809523,0.9836065573770492,0.7,equilibrium
251,14,60.0,42,54.0,0.9836065573770492,0.7,1.2857142857142858,extinguished
251,15,42.0,54,55.0,0.7,1.2857142857142858,1.0185185185185186,supercritical
251,16,54.0,55,49.0,1.2857142857142858,1.0185185185185186,0.8909090909090909,equilibrium
251,17,55.0,49,53.0,1.0185185185185186,0.8909090909090909,1.0816326530612246,extinguished
251,18,49.0,53,65.0,0.8909090909090909,1.0816326530612246,1.2264150943396226,supercritical
251,19,53.0,65,-1.0,1.0816326530612246,1.2264150943396226,-1.0,supercritical
252,0,-1.0,1,2.0,-1.0,-1.0,2.0,initial
252,1,1.0,2,3.0,-1.0,2.0,1.5,supercritical
252,2,2.0,3,4.0,2.0,1.5,1.3333333333333333,supercritical
252,3,3.0,4,7.0,1.5,1.3333333333333333,1.75,supercritical
252,4,4.0,7,21.0,1.3333333333333333,1.75,3.0,supercritical
252,5,7.0,21,39.0,1.75,3.0,1.8571428571428568,supercritical
252,6,21.0,39,39.0,3.0,1.8571428571428568,1.0,supercritical
252,7,39.0,39,47.0,1.8571428571428568,1.0,1.205128205128205,equilibrium
252,8,39.0,47,58.0,1.0,1.205128205128205,1.2340425531914894,supercritical
252,9,47.0,58,52.0,1.205128205128205,1.2340425531914894,0.896551724137931,supercritical
252,10,58.0,52,30.0,1.2340425531914894,0.896551724137931,0.5769230769230769,extinguished
252,11,52.0,30,41.0,0.896551724137931,0.5769230769230769,1.3666666666666667,extinguished
252,12,30.0,41,45.0,0.5769230769230769,1.3666666666666667,1.0975609756097562,supercritical
252,13,41.0,45,30.0,1.3666666666666667,1.0975609756097562,0.6666666666666666,supercritical
252,14,45.0,30,39.0,1.0975609756097562,0.6666666666666666,1.3,extinguished
252,15,30.0,39,39.0,0.6666666666666666,1.3,1.0,supercritical
252,16,39.0,39,41.0,1.3,1.0,1.051282051282051,equilibrium
252,17,39.0,41,49.0,1.0,1.051282051282051,1.195121951219512,supercritical
252,18,41.0,49,67.0,1.051282051282051,1.195121951219512,1.3673469387755102,supercritical
252,19,49.0,67,-1.0,1.195121951219512,1.3673469387755102,-1.0,supercritical
253,0,-1.0,2,1.0,-1.0,-1.0,0.5,initial
253,1,2.0,1,3.0,-1.0,0.5,3.0,extinguished
253,2,1.0,3,3.0,0.5,3.0,1.0,supercritical
253,3,3.0,3,5.0,3.0,1.0,1.6666666666666667,equilibrium
253,4,3.0,5,11.0,1.0,1.6666666666666667,2.2,supercritical
253,5,5.0,11,24.0,1.6666666666666667,2.2,2.1818181818181817,supercritical
253,6,11.0,24,52.0,2.2,2.1818181818181817,2.1666666666666665,supercritical
253,7,24.0,52,56.0,2.1818181818181817,2.1666666666666665,1.0769230769230769,supercritical
253,8,52.0,56,36.0,2.1666666666666665,1.0769230769230769,0.6428571428571429,supercritical
253,9,56.0,36,48.0,1.0769230769230769,0.6428571428571429,1.3333333333333333,extinguished
253,10,36.0,48,58.0,0.6428571428571429,1.3333333333333333,1.2083333333333333,supercritical
253,11,48.0,58,39.0,1.3333333333333333,1.2083333333333333,0.6724137931034483,supercritical
253,12,58.0,39,38.0,1.2083333333333333,0.6724137931034483,0.9743589743589745,extinguished
253,13,39.0,38,45.0,0.6724137931034483,0.9743589743589745,1.1842105263157894,equilibrium
253,14,38.0,45,48.0,0.9743589743589745,1.1842105263157894,1.0666666666666669,supercritical
253,15,45.0,48,64.0,1.1842105263157894,1.0666666666666669,1.3333333333333333,supercritical
253,16,48.0,64,34.0,1.0666666666666669,1.3333333333333333,0.53125,supercritical
253,17,64.0,34,53.0,1.3333333333333333,0.53125,1.5588235294117647,extinguished
253,18,34.0,53,45.0,0.53125,1.5588235294117647,0.8490566037735849,supercritical
253,19,53.0,45,-1.0,1.5588235294117647,0.8490566037735849,-1.0,extinguished
254,0,-1.0,1,1.0,-1.0,-1.0,1.0,initial
254,1,1.0,1,3.0,-1.0,1.0,3.0,equilibrium
254,2,1.0,3,6.0,1.0,3.0,2.0,supercritical
254,3,3.0,6,14.0,3.0,2.0,2.333333333333333,supercritical
254,4,6.0,14,36.0,2.0,2.333333333333333,2.571428571428572,supercritical
254,5,14.0,36,59.0,2.333333333333333,2.571428571428572,1.6388888888888888,supercritical
254,6,36.0,59,49.0,2.571428571428572,1.6388888888888888,0.8305084745762712,supercritical
254,7,59.0,49,56.0,1.6388888888888888,0.8305084745762712,1.1428571428571428,extinguished
254,8,49.0,56,68.0,0.8305084745762712,1.1428571428571428,1.2142857142857142,supercritical
254,9,56.0,68,31.0,1.1428571428571428,1.2142857142857142,0.4558823529411764,supercritical
254,10,68.0,31,54.0,1.2142857142857142,0.4558823529411764,1.7419354838709675,extinguished
254,11,31.0,54,39.0,0.4558823529411764,1.7419354838709675,0.7222222222222222,supercritical
254,12,54.0,39,49.0,1.7419354838709675,0.7222222222222222,1.2564102564102564,extinguished
254,13,39.0,49,50.0,0.7222222222222222,1.2564102564102564,1.020408163265306,supercritical
254,14,49.0,50,67.0,1.2564102564102564,1.020408163265306,1.34,equilibrium
254,15,50.0,67,41.0,1.020408163265306,1.34,0.6119402985074627,supercritical
254,16,67.0,41,51.0,1.34,0.6119402985074627,1.2439024390243902,extinguished
254,17,41.0,51,68.0,0.6119402985074627,1.2439024390243902,1.3333333333333333,supercritical
254,18,51.0,68,38.0,1.2439024390243902,1.3333333333333333,0.5588235294117647,supercritical
254,19,68.0,38,-1.0,1.3333333333333333,0.5588235294117647,-1.0,extinguished
255,0,-1.0,5,10.0,-1.0,-1.0,2.0,initial
255,1,5.0,10,21.0,-1.0,2.0,2.1,supercritical
255,2,10.0,21,35.0,2.0,2.1,1.6666666666666667,supercritical
255,3,21.0,35,37.0,2.1,1.6666666666666667,1.0571428571428572,supercritical
255,4,35.0,37,47.0,1.6666666666666667,1.0571428571428572,1.2702702702702702,supercritical
255,5,37.0,47,44.0,1.0571428571428572,1.2702702702702702,0.9361702127659576,supercritical
255,6,47.0,44,59.0,1.2702702702702702,0.9361702127659576,1.3409090909090908,extinguished
255,7,44.0,59,57.0,0.9361702127659576,1.3409090909090908,0.9661016949152542,supercritical
255,8,59.0,57,50.0,1.3409090909090908,0.9661016949152542,0.8771929824561403,equilibrium
255,9,57.0,50,54.0,0.9661016949152542,0.8771929824561403,1.08,extinguished
255,10,50.0,54,56.0,0.8771929824561403,1.08,1.037037037037037,supercritical
255,11,54.0,56,44.0,1.08,1.037037037037037,0.7857142857142857,equilibrium
255,12,56.0,44,54.0,1.037037037037037,0.7857142857142857,1.2272727272727273,extinguished
255,13,44.0,54,51.0,0.7857142857142857,1.2272727272727273,0.9444444444444444,supercritical
255,14,54.0,51,59.0,1.2272727272727273,0.9444444444444444,1.156862745098039,extinguished
255,15,51.0,59,64.0,0.9444444444444444,1.156862745098039,1.0847457627118644,supercritical
255,16,59.0,64,54.0,1.156862745098039,1.0847457627118644,0.84375,supercritical
255,17,64.0,54,65.0,1.0847457627118644,0.84375,1.2037037037037035,extinguished
255,18,54.0,65,41.0,0.84375,1.2037037037037035,0.6307692307692307,supercritical
255,19,65.0,41,-1.0,1.2037037037037035,0.6307692307692307,-1.0,extinguished
256,0,-1.0,5,14.0,-1.0,-1.0,2.8,initial
256,1,5.0,14,30.0,-1.0,2.8,2.142857142857143,supercritical
256,2,14.0,30,41.0,2.8,2.142857142857143,1.3666666666666667,supercritical
256,3,30.0,41,58.0,2.142857142857143,1.3666666666666667,1.4146341463414631,supercritical
256,4,41.0,58,85.0,1.3666666666666667,1.4146341463414631,1.4655172413793105,supercritical
256,5,58.0,85,13.0,1.4146341463414631,1.4655172413793105,0.1529411764705882,supercritical
256,6,85.0,13,22.0,1.4655172413793105,0.1529411764705882,1.6923076923076923,extinguished
256,7,13.0,22,36.0,0.1529411764705882,1.6923076923076923,1.6363636363636365,supercritical
256,8,22.0,36,52.0,1.6923076923076923,1.6363636363636365,1.4444444444444444,supercritical
256,9,36.0,52,42.0,1.6363636363636365,1.4444444444444444,0.8076923076923077,supercritical
256,10,52.0,42,64.0,1.4444444444444444,0.8076923076923077,1.5238095238095235,extinguished
256,11,42.0,64,61.0,0.8076923076923077,1.5238095238095235,0.953125,supercritical
256,12,64.0,61,53.0,1.5238095238095235,0.953125,0.8688524590163934,equilibrium
256,13,61.0,53,62.0,0.953125,0.8688524590163934,1.169811320754717,extinguished
256,14,53.0,62,61.0,0.8688524590163934,1.169811320754717,0.9838709677419356,supercritical
256,15,62.0,61,42.0,1.169811320754717,0.9838709677419356,0.6885245901639344,equilibrium
256,16,61.0,42,53.0,0.9838709677419356,0.6885245901639344,1.261904761904762,extinguished
256,17,42.0,53,44.0,0.6885245901639344,1.261904761904762,0.8301886792452831,supercritical
256,18,53.0,44,46.0,1.261904761904762,0.8301886792452831,1.0454545454545454,extinguished
256,19,44.0,46,-1.0,0.8301886792452831,1.0454545454545454,-1.0,equilibrium
257,0,-1.0,4,3.0,-1.0,-1.0,0.75,initial
257,1,4.0,3,3.0,-1.0,0.75,1.0,extinguished
257,2,3.0,3,10.0,0.75,1.0,3.333333333333333,equilibrium
257,3,3.0,10,26.0,1.0,3.333333333333333,2.6,supercritical
257,4,10.0,26,43.0,3.333333333333333,2.6,1.6538461538461535,supercritical
257,5,26.0,43,52.0,2.6,1.6538461538461535,1.2093023255813953,supercritical
257,6,43.0,52,55.0,1.6538461538461535,1.2093023255813953,1.0576923076923077,supercritical
257,7,52.0,55,72.0,1.2093023255813953,1.0576923076923077,1.309090909090909,supercritical
257,8,55.0,72,56.0,1.0576923076923077,1.309090909090909,0.7777777777777778,supercritical
257,9,72.0,56,69.0,1.309090909090909,0.7777777777777778,1.2321428571428572,extinguished
257,10,56.0,69,48.0,0.7777777777777778,1.2321428571428572,0.6956521739130435,supercritical
257,11,69.0,48,66.0,1.2321428571428572,0.6956521739130435,1.375,extinguished
257,12,48.0,66,33.0,0.6956521739130435,1.375,0.5,supercritical
257,13,66.0,33,36.0,1.375,0.5,1.0909090909090908,extinguished
257,14,33.0,36,46.0,0.5,1.0909090909090908,1.2777777777777777,supercritical
257,15,36.0,46,62.0,1.0909090909090908,1.2777777777777777,1.3478260869565215,supercritical
257,16,46.0,62,31.0,1.2777777777777777,1.3478260869565215,0.5,supercritical
257,17,62.0,31,60.0,1.3478260869565215,0.5,1.935483870967742,extinguished
257,18,31.0,60,71.0,0.5,1.935483870967742,1.1833333333333331,supercritical
257,19,60.0,71,-1.0,1.935483870967742,1.1833333333333331,-1.0,supercritical
258,0,-1.0,2,4.0,-1.0,-1.0,2.0,initial
258,1,2.0,4,8.0,-1.0,2.0,2.0,supercritical
258,2,4.0,8,20.0,2.0,2.0,2.5,supercritical
258,3,8.0,20,33.0,2.0,2.5,1.65,supercritical
258,4,20.0,33,57.0,2.5,1.65,1.7272727272727273,supercritical
258,5,33.0,57,58.0,1.65,1.7272727272727273,1.0175438596491229,supercritical
258,6,57.0,58,47.0,1.7272727272727273,1.0175438596491229,0.8103448275862069,equilibrium
258,7,58.0,47,51.0,1.0175438596491229,0.8103448275862069,1.0851063829787233,extinguished
258,8,47.0,51,67.0,0.8103448275862069,1.0851063829787233,1.3137254901960784,supercritical
258,9,51.0,67,20.0,1.0851063829787233,1.3137254901960784,0.2985074626865671,supercritical
258,10,67.0,20,31.0,1.3137254901960784,0.2985074626865671,1.55,extinguished
258,11,20.0,31,39.0,0.2985074626865671,1.55,1.2580645161290325,supercritical
258,12,31.0,39,63.0,1.55,1.2580645161290325,1.6153846153846154,supercritical
258,13,39.0,63,54.0,1.2580645161290325,1.6153846153846154,0.8571428571428571,supercritical
258,14,63.0,54,32.0,1.6153846153846154,0.8571428571428571,0.5925925925925926,extinguished
258,15,54.0,32,38.0,0.8571428571428571,0.5925925925925926,1.1875,extinguished
258,16,32.0,38,40.0,0.5925925925925926,1.1875,1.0526315789473684,supercritical
258,17,38.0,40,68.0,1.1875,1.0526315789473684,1.7,supercritical
258,18,40.0,68,30.0,1.0526315789473684,1.7,0.4411764705882353,supercritical
258,19,68.0,30,-1.0,1.7,0.4411764705882353,-1.0,extinguished
259,0,-1.0,4,8.0,-1.0,-1.0,2.0,initial
259,1,4.0,8,25.0,-1.0,2.0,3.125,supercritical
259,2,8.0,25,52.0,2.0,3.125,2.08,supercritical
259,3,25.0,52,48.0,3.125,2.08,0.9230769230769232,supercritical
259,4,52.0,48,50.0,2.08,0.9230769230769232,1.0416666666666667,extinguished
259,5,48.0,50,51.0,0.9230769230769232,1.0416666666666667,1.02,equilibrium
259,6,50.0,51,47.0,1.0416666666666667,1.02,0.9215686274509804,equilibrium
259,7,51.0,47,47.0,1.02,0.9215686274509804,1.0,extinguished
259,8,47.0,47,54.0,0.9215686274509804,1.0,1.148936170212766,equilibrium
259,9,47.0,54,66.0,1.0,1.148936170212766,1.2222222222222223,supercritical
259,10,54.0,66,32.0,1.148936170212766,1.2222222222222223,0.4848484848484848,supercritical
259,11,66.0,32,49.0,1.2222222222222223,0.4848484848484848,1.53125,extinguished
259,12,32.0,49,58.0,0.4848484848484848,1.53125,1.183673469387755,supercritical
259,13,49.0,58,44.0,1.53125,1.183673469387755,0.7586206896551724,supercritical
259,14,58.0,44,55.0,1.183673469387755,0.7586206896551724,1.25,extinguished
259,15,44.0,55,47.0,0.7586206896551724,1.25,0.8545454545454545,supercritical
259,16,55.0,47,58.0,1.25,0.8545454545454545,1.2340425531914894,extinguished
259,17,47.0,58,56.0,0.8545454545454545,1.2340425531914894,0.9655172413793104,supercritical
259,18,58.0,56,60.0,1.2340425531914894,0.9655172413793104,1.0714285714285714,equilibrium
259,19,56.0,60,-1.0,0.9655172413793104,1.0714285714285714,-1.0,supercritical
260,0,-1.0,3,9.0,-1.0,-1.0,3.0,initial
260,1,3.0,9,19.0,-1.0,3.0,2.111111111111111,supercritical
260,2,9.0,19,35.0,3.0,2.111111111111111,1.8421052631578947,supercritical
260,3,19.0,35,50.0,2.111111111111111,1.8421052631578947,1.4285714285714286,supercritical
260,4,35.0,50,46.0,1.8421052631578947,1.4285714285714286,0.92,supercritical
260,5,50.0,46,48.0,1.4285714285714286,0.92,1.0434782608695652,extinguished
260,6,46.0,48,57.0,0.92,1.0434782608695652,1.1875,equilibrium
260,7,48.0,57,62.0,1.0434782608695652,1.1875,1.087719298245614,supercritical
260,8,57.0,62,77.0,1.1875,1.087719298245614,1.2419354838709675,supercritical
260,9,62.0,77,50.0,1.087719298245614,1.2419354838709675,0.6493506493506493,supercritical
260,10,77.0,50,60.0,1.2419354838709675,0.6493506493506493,1.2,extinguished
260,11,50.0,60,68.0,0.6493506493506493,1.2,1.1333333333333333,supercritical
260,12,60.0,68,40.0,1.2,1.1333333333333333,0.5882352941176471,supercritical
260,13,68.0,40,75.0,1.1333333333333333,0.5882352941176471,1.875,extinguished
260,14,40.0,75,42.0,0.5882352941176471,1.875,0.56,supercritical
260,15,75.0,42,51.0,1.875,0.56,1.2142857142857142,extinguished
260,16,42.0,51,60.0,0.56,1.2142857142857142,1.1764705882352942,supercritical
260,17,51.0,60,47.0,1.2142857142857142,1.1764705882352942,0.7833333333333333,supercritical
260,18,60.0,47,64.0,1.1764705882352942,0.7833333333333333,1.3617021276595744,extinguished
260,19,47.0,64,-1.0,0.7833333333333333,1.3617021276595744,-1.0,supercritical
261,0,-1.0,2,7.0,-1.0,-1.0,3.5,initial
261,1,2.0,7,12.0,-1.0,3.5,1.7142857142857142,supercritical
261,2,7.0,12,18.0,3.5,1.7142857142857142,1.5,supercritical
261,3,12.0,18,22.0,1.7142857142857142,1.5,1.2222222222222223,supercritical
261,4,18.0,22,26.0,1.5,1.2222222222222223,1.181818181818182,supercritical
261,5,22.0,26,33.0,1.2222222222222223,1.181818181818182,1.2692307692307692,supercritical
261,6,26.0,33,60.0,1.181818181818182,1.2692307692307692,1.818181818181818,supercritical
261,7,33.0,60,50.0,1.2692307692307692,1.818181818181818,0.8333333333333334,supercritical
261,8,60.0,50,66.0,1.818181818181818,0.8333333333333334,1.32,extinguished
261,9,50.0,66,43.0,0.8333333333333334,1.32,0.6515151515151515,supercritical
261,10,66.0,43,56.0,1.32,0.6515151515151515,1.302325581395349,extinguished
261,11,43.0,56,37.0,0.6515151515151515,1.302325581395349,0.6607142857142857,supercritical
261,12,56.0,37,39.0,1.302325581395349,0.6607142857142857,1.054054054054054,extinguished
261,13,37.0,39,42.0,0.6607142857142857,1.054054054054054,1.0769230769230769,supercritical
261,14,39.0,42,59.0,1.054054054054054,1.0769230769230769,1.4047619047619049,supercritical
261,15,42.0,59,37.0,1.0769230769230769,1.4047619047619049,0.6271186440677966,supercritical
261,16,59.0,37,49.0,1.4047619047619049,0.6271186440677966,1.3243243243243243,extinguished
261,17,37.0,49,44.0,0.6271186440677966,1.3243243243243243,0.8979591836734694,supercritical
261,18,49.0,44,45.0,1.3243243243243243,0.8979591836734694,1.0227272727272727,extinguished
261,19,44.0,45,-1.0,0.8979591836734694,1.0227272727272727,-1.0,equilibrium
262,0,-1.0,3,8.0,-1.0,-1.0,2.6666666666666665,initial
262,1,3.0,8,11.0,-1.0,2.6666666666666665,1.375,supercritical
262,2,8.0,11,21.0,2.6666666666666665,1.375,1.9090909090909087,supercritical
262,3,11.0,21,27.0,1.375,1.9090909090909087,1.2857142857142858,supercritical
262,4,21.0,27,56.0,1.9090909090909087,1.2857142857142858,2.074074074074074,supercritical
262,5,27.0,56,38.0,1.2857142857142858,2.074074074074074,0.6785714285714286,supercritical
262,6,56.0,38,49.0,2.074074074074074,0.6785714285714286,1.2894736842105263,extinguished
262,7,38.0,49,70.0,0.6785714285714286,1.2894736842105263,1.4285714285714286,supercritical
262,8,49.0,70,48.0,1.2894736842105263,1.4285714285714286,0.6857142857142857,supercritical
262,9,70.0,48,57.0,1.4285714285714286,0.6857142857142857,1.1875,extinguished
262,10,48.0,57,78.0,0.6857142857142857,1.1875,1.368421052631579,supercritical
262,11,57.0,78,60.0,1.1875,1.368421052631579,0.7692307692307693,supercritical
262,12,78.0,60,54.0,1.368421052631579,0.7692307692307693,0.9,extinguished
262,13,60.0,54,45.0,0.7692307692307693,0.9,0.8333333333333334,extinguished
262,14,54.0,45,36.0,0.9,0.8333333333333334,0.8,extinguished
262,15,45.0,36,51.0,0.8333333333333334,0.8,1.4166666666666667,extinguished
262,16,36.0,51,61.0,0.8,1.4166666666666667,1.196078431372549,supercritical
262,17,51.0,61,22.0,1.4166666666666667,1.196078431372549,0.360655737704918,supercritical
262,18,61.0,22,29.0,1.196078431372549,0.360655737704918,1.318181818181818,extinguished
262,19,22.0,29,-1.0,0.360655737704918,1.318181818181818,-1.0,supercritical
263,0,-1.0,1,1.0,-1.0,-1.0,1.0,initial
263,1,1.0,1,1.0,-1.0,1.0,1.0,equilibrium
263,2,1.0,1,4.0,1.0,1.0,4.0,equilibrium
263,3,1.0,4,7.0,1.0,4.0,1.75,supercritical
263,4,4.0,7,8.0,4.0,1.75,1.1428571428571428,supercritical
263,5,7.0,8,11.0,1.75,1.1428571428571428,1.375,supercritical
263,6,8.0,11,19.0,1.1428571428571428,1.375,1.7272727272727273,supercritical
263,7,11.0,19,18.0,1.375,1.7272727272727273,0.9473684210526316,supercritical
263,8,19.0,18,29.0,1.7272727272727273,0.9473684210526316,1.6111111111111112,extinguished
263,9,18.0,29,28.0,0.9473684210526316,1.6111111111111112,0.9655172413793104,supercritical
263,10,29.0,28,33.0,1.6111111111111112,0.9655172413793104,1.1785714285714286,equilibrium
263,11,28.0,33,51.0,0.9655172413793104,1.1785714285714286,1.5454545454545454,supercritical
263,12,33.0,51,40.0,1.1785714285714286,1.5454545454545454,0.7843137254901961,supercritical
263,13,51.0,40,44.0,1.5454545454545454,0.7843137254901961,1.1,extinguished
263,14,40.0,44,52.0,0.7843137254901961,1.1,1.181818181818182,supercritical
263,15,44.0,52,50.0,1.1,1.181818181818182,0.9615384615384616,supercritical
263,16,52.0,50,38.0,1.181818181818182,0.9615384615384616,0.76,equilibrium
263,17,50.0,38,43.0,0.9615384615384616,0.76,1.131578947368421,extinguished
263,18,38.0,43,50.0,0.76,1.131578947368421,1.162790697674419,supercritical
263,19,43.0,50,-1.0,1.131578947368421,1.162790697674419,-1.0,supercritical
264,0,-1.0,4,5.0,-1.0,-1.0,1.25,initial
264,1,4.0,5,7.0,-1.0,1.25,1.4,supercritical
264,2,5.0,7,9.0,1.25,1.4,1.2857142857142858,supercritical
264,3,7.0,9,20.0,1.4,1.2857142857142858,2.2222222222222223,supercritical
264,4,9.0,20,24.0,1.2857142857142858,2.2222222222222223,1.2,supercritical
264,5,20.0,24,35.0,2.2222222222222223,1.2,1.4583333333333333,supercritical
264,6,24.0,35,55.0,1.2,1.4583333333333333,1.5714285714285714,supercritical
264,7,35.0,55,23.0,1.4583333333333333,1.5714285714285714,0.4181818181818181,supercritical
264,8,55.0,23,38.0,1.5714285714285714,0.4181818181818181,1.6521739130434785,extinguished
264,9,23.0,38,54.0,0.4181818181818181,1.6521739130434785,1.4210526315789471,supercritical
264,10,38.0,54,57.0,1.6521739130434785,1.4210526315789471,1.0555555555555556,supercritical
264,11,54.0,57,71.0,1.4210526315789471,1.0555555555555556,1.2456140350877194,supercritical
264,12,57.0,71,45.0,1.0555555555555556,1.2456140350877194,0.6338028169014085,supercritical
264,13,71.0,45,49.0,1.2456140350877194,0.6338028169014085,1.0888888888888888,extinguished
264,14,45.0,49,77.0,0.6338028169014085,1.0888888888888888,1.5714285714285714,supercritical
264,15,49.0,77,53.0,1.0888888888888888,1.5714285714285714,0.6883116883116883,supercritical
264,16,77.0,53,46.0,1.5714285714285714,0.6883116883116883,0.8679245283018868,extinguished
264,17,53.0,46,44.0,0.6883116883116883,0.8679245283018868,0.9565217391304348,extinguished
264,18,46.0,44,72.0,0.8679245283018868,0.9565217391304348,1.6363636363636365,equilibrium
264,19,44.0,72,-1.0,0.9565217391304348,1.6363636363636365,-1.0,supercritical
265,0,-1.0,2,2.0,-1.0,-1.0,1.0,initial
265,1,2.0,2,3.0,-1.0,1.0,1.5,equilibrium
265,2,2.0,3,7.0,1.0,1.5,2.333333333333333,supercritical
265,3,3.0,7,11.0,1.5,2.333333333333333,1.5714285714285714,supercritical
265,4,7.0,11,22.0,2.333333333333333,1.5714285714285714,2.0,supercritical
265,5,11.0,22,47.0,1.5714285714285714,2.0,2.136363636363636,supercritical
265,6,22.0,47,44.0,2.0,2.136363636363636,0.9361702127659576,supercritical
265,7,47.0,44,54.0,2.136363636363636,0.9361702127659576,1.2272727272727273,extinguished
265,8,44.0,54,53.0,0.9361702127659576,1.2272727272727273,0.9814814814814816,supercritical
265,9,54.0,53,47.0,1.2272727272727273,0.9814814814814816,0.8867924528301887,equilibrium
265,10,53.0,47,34.0,0.9814814814814816,0.8867924528301887,0.723404255319149,extinguished
265,11,47.0,34,46.0,0.8867924528301887,0.723404255319149,1.3529411764705883,extinguished
265,12,34.0,46,47.0,0.723404255319149,1.3529411764705883,1.0217391304347827,supercritical
265,13,46.0,47,55.0,1.3529411764705883,1.0217391304347827,1.1702127659574468,equilibrium
265,14,47.0,55,41.0,1.0217391304347827,1.1702127659574468,0.7454545454545455,supercritical
265,15,55.0,41,43.0,1.1702127659574468,0.7454545454545455,1.048780487804878,extinguished
265,16,41.0,43,45.0,0.7454545454545455,1.048780487804878,1.0465116279069768,equilibrium
265,17,43.0,45,60.0,1.048780487804878,1.0465116279069768,1.3333333333333333,equilibrium
265,18,45.0,60,79.0,1.0465116279069768,1.3333333333333333,1.3166666666666669,supercritical
265,19,60.0,79,-1.0,1.3333333333333333,1.3166666666666669,-1.0,supercritical
266,0,-1.0,4,10.0,-1.0,-1.0,2.5,initial
266,1,4.0,10,22.0,-1.0,2.5,2.2,supercritical
266,2,10.0,22,27.0,2.5,2.2,1.2272727272727273,supercritical
266,3,22.0,27,43.0,2.2,1.2272727272727273,1.5925925925925926,supercritical
266,4,27.0,43,65.0,1.2272727272727273,1.5925925925925926,1.5116279069767442,supercritical
266,5,43.0,65,69.0,1.5925925925925926,1.5116279069767442,1.0615384615384615,supercritical
266,6,65.0,69,31.0,1.5116279069767442,1.0615384615384615,0.4492753623188406,supercritical
266,7,69.0,31,47.0,1.0615384615384615,0.4492753623188406,1.5161290322580645,extinguished
266,8,31.0,47,59.0,0.4492753623188406,1.5161290322580645,1.25531914893617,supercritical
266,9,47.0,59,45.0,1.5161290322580645,1.25531914893617,0.7627118644067796,supercritical
266,10,59.0,45,38.0,1.25531914893617,0.7627118644067796,0.8444444444444444,extinguished
266,11,45.0,38,41.0,0.7627118644067796,0.8444444444444444,1.0789473684210529,extinguished
266,12,38.0,41,52.0,0.8444444444444444,1.0789473684210529,1.2682926829268293,supercritical
266,13,41.0,52,41.0,1.0789473684210529,1.2682926829268293,0.7884615384615384,supercritical
266,14,52.0,41,35.0,1.2682926829268293,0.7884615384615384,0.8536585365853658,extinguished
266,15,41.0,35,28.0,0.7884615384615384,0.8536585365853658,0.8,extinguished
266,16,35.0,28,34.0,0.8536585365853658,0.8,1.2142857142857142,extinguished
266,17,28.0,34,42.0,0.8,1.2142857142857142,1.2352941176470589,supercritical
266,18,34.0,42,33.0,1.2142857142857142,1.2352941176470589,0.7857142857142857,supercritical
266,19,42.0,33,-1.0,1.2352941176470589,0.7857142857142857,-1.0,extinguished
267,0,-1.0,1,4.0,-1.0,-1.0,4.0,initial
267,1,1.0,4,6.0,-1.0,4.0,1.5,supercritical
267,2,4.0,6,12.0,4.0,1.5,2.0,supercritical
267,3,6.0,12,20.0,1.5,2.0,1.6666666666666667,supercritical
267,4,12.0,20,35.0,2.0,1.6666666666666667,1.75,supercritical
267,5,20.0,35,48.0,1.6666666666666667,1.75,1.3714285714285714,supercritical
267,6,35.0,48,51.0,1.75,1.3714285714285714,1.0625,supercritical
267,7,48.0,51,43.0,1.3714285714285714,1.0625,0.8431372549019608,supercritical
267,8,51.0,43,48.0,1.0625,0.8431372549019608,1.1162790697674418,extinguished
267,9,43.0,48,50.0,0.8431372549019608,1.1162790697674418,1.0416666666666667,supercritical
267,10,48.0,50,43.0,1.1162790697674418,1.0416666666666667,0.86,equilibrium
267,11,50.0,43,53.0,1.0416666666666667,0.86,1.2325581395348837,extinguished
267,12,43.0,53,39.0,0.86,1.2325581395348837,0.7358490566037735,supercritical
267,13,53.0,39,42.0,1.2325581395348837,0.7358490566037735,1.0769230769230769,extinguished
267,14,39.0,42,37.0,0.7358490566037735,1.0769230769230769,0.8809523809523809,supercritical
267,15,42.0,37,44.0,1.0769230769230769,0.8809523809523809,1.1891891891891893,extinguished
267,16,37.0,44,47.0,0.8809523809523809,1.1891891891891893,1.068181818181818,supercritical
267,17,44.0,47,49.0,1.1891891891891893,1.068181818181818,1.0425531914893618,supercritical
267,18,47.0,49,48.0,1.068181818181818,1.0425531914893618,0.979591836734694,equilibrium
267,19,49.0,48,-1.0,1.0425531914893618,0.979591836734694,-1.0,equilibrium
268,0,-1.0,5,8.0,-1.0,-1.0,1.6,initial
268,1,5.0,8,14.0,-1.0,1.6,1.75,supercritical
268,2,8.0,14,19.0,1.6,1.75,1.3571428571428572,supercritical
268,3,14.0,19,30.0,1.75,1.3571428571428572,1.5789473684210529,supercritical
268,4,19.0,30,41.0,1.3571428571428572,1.5789473684210529,1.3666666666666667,supercritical
268,5,30.0,41,41.0,1.5789473684210529,1.3666666666666667,1.0,supercritical
268,6,41.0,41,51.0,1.3666666666666667,1.0,1.2439024390243902,equilibrium
268,7,41.0,51,43.0,1.0,1.2439024390243902,0.8431372549019608,supercritical
268,8,51.0,43,58.0,1.2439024390243902,0.8431372549019608,1.3488372093023255,extinguished
268,9,43.0,58,47.0,0.8431372549019608,1.3488372093023255,0.8103448275862069,supercritical
268,10,58.0,47,34.0,1.3488372093023255,0.8103448275862069,0.723404255319149,extinguished
268,11,47.0,34,52.0,0.8103448275862069,0.723404255319149,1.5294117647058822,extinguished
268,12,34.0,52,54.0,0.723404255319149,1.5294117647058822,1.0384615384615383,supercritical
268,13,52.0,54,42.0,1.5294117647058822,1.0384615384615383,0.7777777777777778,equilibrium
268,14,54.0,42,37.0,1.0384615384615383,0.7777777777777778,0.8809523809523809,extinguished
268,15,42.0,37,53.0,0.7777777777777778,0.8809523809523809,1.4324324324324325,extinguished
268,16,37.0,53,25.0,0.8809523809523809,1.4324324324324325,0.4716981132075472,supercritical
268,17,53.0,25,43.0,1.4324324324324325,0.4716981132075472,1.72,extinguished
268,18,25.0,43,47.0,0.4716981132075472,1.72,1.0930232558139534,supercritical
268,19,43.0,47,-1.0,1.72,1.0930232558139534,-1.0,supercritical
269,0,-1.0,3,5.0,-1.0,-1.0,1.6666666666666667,initial
269,1,3.0,5,7.0,-1.0,1.6666666666666667,1.4,supercritical
269,2,5.0,7,14.0,1.6666666666666667,1.4,2.0,supercritical
269,3,7.0,14,31.0,1.4,2.0,2.2142857142857144,supercritical
269,4,14.0,31,25.0,2.0,2.2142857142857144,0.8064516129032258,supercritical
269,5,31.0,25,39.0,2.2142857142857144,0.8064516129032258,1.56,extinguished
269,6,25.0,39,36.0,0.8064516129032258,1.56,0.9230769230769232,supercritical
269,7,39.0,36,52.0,1.56,0.9230769230769232,1.4444444444444444,extinguished
269,8,36.0,52,55.0,0.9230769230769232,1.4444444444444444,1.0576923076923077,supercritical
269,9,52.0,55,44.0,1.4444444444444444,1.0576923076923077,0.8,supercritical
269,10,55.0,44,48.0,1.0576923076923077,0.8,1.0909090909090908,extinguished
269,11,44.0,48,52.0,0.8,1.0909090909090908,1.0833333333333333,supercritical
269,12,48.0,52,49.0,1.0909090909090908,1.0833333333333333,0.9423076923076924,supercritical
269,13,52.0,49,41.0,1.0833333333333333,0.9423076923076924,0.8367346938775511,extinguished
269,14,49.0,41,52.0,0.9423076923076924,0.8367346938775511,1.2682926829268293,extinguished
269,15,41.0,52,41.0,0.8367346938775511,1.2682926829268293,0.7884615384615384,supercritical
269,16,52.0,41,60.0,1.2682926829268293,0.7884615384615384,1.4634146341463414,extinguished
269,17,41.0,60,51.0,0.7884615384615384,1.4634146341463414,0.85,supercritical
269,18,60.0,51,55.0,1.4634146341463414,0.85,1.0784313725490196,extinguished
269,19,51.0,55,-1.0,0.85,1.0784313725490196,-1.0,supercritical
270,0,-1.0,4,4.0,-1.0,-1.0,1.0,initial
270,1,4.0,4,6.0,-1.0,1.0,1.5,equilibrium
270,2,4.0,6,10.0,1.0,1.5,1.6666666666666667,supercritical
270,3,6.0,10,13.0,1.5,1.6666666666666667,1.3,supercritical
270,4,10.0,13,28.0,1.6666666666666667,1.3,2.1538461538461537,supercritical
270,5,13.0,28,30.0,1.3,2.1538461538461537,1.0714285714285714,supercritical
270,6,28.0,30,34.0,2.1538461538461537,1.0714285714285714,1.1333333333333333,supercritical
270,7,30.0,34,32.0,1.0714285714285714,1.1333333333333333,0.9411764705882352,supercritical
270,8,34.0,32,39.0,1.1333333333333333,0.9411764705882352,1.21875,extinguished
270,9,32.0,39,26.0,0.9411764705882352,1.21875,0.6666666666666666,supercritical
270,10,39.0,26,41.0,1.21875,0.6666666666666666,1.5769230769230769,extinguished
270,11,26.0,41,35.0,0.6666666666666666,1.5769230769230769,0.8536585365853658,supercritical
270,12,41.0,35,52.0,1.5769230769230769,0.8536585365853658,1.4857142857142858,extinguished
270,13,35.0,52,39.0,0.8536585365853658,1.4857142857142858,0.75,supercritical
270,14,52.0,39,47.0,1.4857142857142858,0.75,1.205128205128205,extinguished
270,15,39.0,47,46.0,0.75,1.205128205128205,0.9787234042553192,supercritical
270,16,47.0,46,50.0,1.205128205128205,0.9787234042553192,1.0869565217391304,equilibrium
270,17,46.0,50,39.0,0.9787234042553192,1.0869565217391304,0.78,supercritical
270,18,50.0,39,36.0,1.0869565217391304,0.78,0.9230769230769232,extinguished
270,19,39.0,36,-1.0,0.78,0.9230769230769232,-1.0,extinguished
271,0,-1.0,3,4.0,-1.0,-1.0,1.3333333333333333,initial
271,1,3.0,4,14.0,-1.0,1.3333333333333333,3.5,supercritical
271,2,4.0,14,15.0,1.3333333333333333,3.5,1.0714285714285714,supercritical
271,3,14.0,15,20.0,3.5,1.0714285714285714,1.3333333333333333,supercritical
271,4,15.0,20,25.0,1.0714285714285714,1.3333333333333333,1.25,supercritical
271,5,20.0,25,34.0,1.3333333333333333,1.25,1.36,supercritical
271,6,25.0,34,54.0,1.25,1.36,1.588235294117647,supercritical
271,7,34.0,54,36.0,1.36,1.588235294117647,0.6666666666666666,supercritical
271,8,54.0,36,42.0,1.588235294117647,0.6666666666666666,1.1666666666666667,extinguished
271,9,36.0,42,56.0,0.6666666666666666,1.1666666666666667,1.3333333333333333,supercritical
271,10,42.0,56,37.0,1.1666666666666667,1.3333333333333333,0.6607142857142857,supercritical
271,11,56.0,37,30.0,1.3333333333333333,0.6607142857142857,0.8108108108108109,extinguished
271,12,37.0,30,42.0,0.6607142857142857,0.8108108108108109,1.4,extinguished
271,13,30.0,42,31.0,0.8108108108108109,1.4,0.7380952380952381,supercritical
271,14,42.0,31,42.0,1.4,0.7380952380952381,1.3548387096774193,extinguished
271,15,31.0,42,43.0,0.7380952380952381,1.3548387096774193,1.0238095238095235,supercritical
271,16,42.0,43,36.0,1.3548387096774193,1.0238095238095235,0.8372093023255814,equilibrium
271,17,43.0,36,40.0,1.0238095238095235,0.8372093023255814,1.1111111111111112,extinguished
271,18,36.0,40,41.0,0.8372093023255814,1.1111111111111112,1.025,supercritical
271,19,40.0,41,-1.0,1.1111111111111112,1.025,-1.0,equilibrium
272,0,-1.0,2,7.0,-1.0,-1.0,3.5,initial
272,1,2.0,7,15.0,-1.0,3.5,2.142857142857143,supercritical
272,2,7.0,15,21.0,3.5,2.142857142857143,1.4,supercritical
272,3,15.0,21,35.0,2.142857142857143,1.4,1.6666666666666667,supercritical
272,4,21.0,35,46.0,1.4,1.6666666666666667,1.3142857142857145,supercritical
272,5,35.0,46,64.0,1.6666666666666667,1.3142857142857145,1.391304347826087,supercritical
272,6,46.0,64,30.0,1.3142857142857145,1.391304347826087,0.46875,supercritical
272,7,64.0,30,30.0,1.391304347826087,0.46875,1.0,extinguished
272,8,30.0,30,37.0,0.46875,1.0,1.2333333333333334,equilibrium
272,9,30.0,37,44.0,1.0,1.2333333333333334,1.1891891891891893,supercritical
272,10,37.0,44,60.0,1.2333333333333334,1.1891891891891893,1.3636363636363635,supercritical
272,11,44.0,60,50.0,1.1891891891891893,1.3636363636363635,0.8333333333333334,supercritical
272,12,60.0,50,35.0,1.3636363636363635,0.8333333333333334,0.7,extinguished
272,13,50.0,35,47.0,0.8333333333333334,0.7,1.3428571428571427,extinguished
272,14,35.0,47,59.0,0.7,1.3428571428571427,1.25531914893617,supercritical
272,15,47.0,59,34.0,1.3428571428571427,1.25531914893617,0.576271186440678,supercritical
272,16,59.0,34,41.0,1.25531914893617,0.576271186440678,1.2058823529411764,extinguished
272,17,34.0,41,42.0,0.576271186440678,1.2058823529411764,1.024390243902439,supercritical
272,18,41.0,42,50.0,1.2058823529411764,1.024390243902439,1.1904761904761905,equilibrium
272,19,42.0,50,-1.0,1.024390243902439,1.1904761904761905,-1.0,supercritical
273,0,-1.0,4,5.0,-1.0,-1.0,1.25,initial
273,1,4.0,5,10.0,-1.0,1.25,2.0,supercritical
273,2,5.0,10,11.0,1.25,2.0,1.1,supercritical
273,3,10.0,11,23.0,2.0,1.1,2.090909090909091,supercritical
273,4,11.0,23,31.0,1.1,2.090909090909091,1.3478260869565215,supercritical
273,5,23.0,31,36.0,2.090909090909091,1.3478260869565215,1.1612903225806452,supercritical
273,6,31.0,36,31.0,1.3478260869565215,1.1612903225806452,0.8611111111111112,supercritical
273,7,36.0,31,46.0,1.1612903225806452,0.8611111111111112,1.4838709677419355,extinguished
273,8,31.0,46,29.0,0.8611111111111112,1.4838709677419355,0.6304347826086957,supercritical
273,9,46.0,29,39.0,1.4838709677419355,0.6304347826086957,1.3448275862068966,extinguished
273,10,29.0,39,37.0,0.6304347826086957,1.3448275862068966,0.9487179487179488,supercritical
273,11,39.0,37,38.0,1.3448275862068966,0.9487179487179488,1.027027027027027,extinguished
273,12,37.0,38,41.0,0.9487179487179488,1.027027027027027,1.0789473684210529,equilibrium
273,13,38.0,41,57.0,1.027027027027027,1.0789473684210529,1.3902439024390243,supercritical
273,14,41.0,57,40.0,1.0789473684210529,1.3902439024390243,0.7017543859649122,supercritical
273,15,57.0,40,39.0,1.3902439024390243,0.7017543859649122,0.975,extinguished
273,16,40.0,39,37.0,0.7017543859649122,0.975,0.9487179487179488,equilibrium
273,17,39.0,37,52.0,0.975,0.9487179487179488,1.4054054054054057,extinguished
273,18,37.0,52,34.0,0.9487179487179488,1.4054054054054057,0.6538461538461539,supercritical
273,19,52.0,34,-1.0,1.4054054054054057,0.6538461538461539,-1.0,extinguished
274,0,-1.0,1,3.0,-1.0,-1.0,3.0,initial
274,1,1.0,3,6.0,-1.0,3.0,2.0,supercritical
274,2,3.0,6,5.0,3.0,2.0,0.8333333333333334,supercritical
274,3,6.0,5,5.0,2.0,0.8333333333333334,1.0,extinguished
274,4,5.0,5,10.0,0.8333333333333334,1.0,2.0,equilibrium
274,5,5.0,10,25.0,1.0,2.0,2.5,supercritical
274,6,10.0,25,45.0,2.0,2.5,1.8,supercritical
274,7,25.0,45,53.0,2.5,1.8,1.1777777777777778,supercritical
274,8,45.0,53,67.0,1.8,1.1777777777777778,1.2641509433962264,supercritical
274,9,53.0,67,68.0,1.1777777777777778,1.2641509433962264,1.0149253731343284,supercritical
274,10,67.0,68,56.0,1.2641509433962264,1.0149253731343284,0.8235294117647058,equilibrium
274,11,68.0,56,41.0,1.0149253731343284,0.8235294117647058,0.7321428571428571,extinguished
274,12,56.0,41,53.0,0.8235294117647058,0.7321428571428571,1.2926829268292683,extinguished
274,13,41.0,53,49.0,0.7321428571428571,1.2926829268292683,0.9245283018867924,supercritical
274,14,53.0,49,44.0,1.2926829268292683,0.9245283018867924,0.8979591836734694,extinguished
274,15,49.0,44,45.0,0.9245283018867924,0.8979591836734694,1.0227272727272727,extinguished
274,16,44.0,45,63.0,0.8979591836734694,1.0227272727272727,1.4,equilibrium
274,17,45.0,63,67.0,1.0227272727272727,1.4,1.0634920634920637,supercritical
274,18,63.0,67,33.0,1.4,1.0634920634920637,0.4925373134328358,supercritical
274,19,67.0,33,-1.0,1.0634920634920637,0.4925373134328358,-1.0,extinguished
275,0,-1.0,1,1.0,-1.0,-1.0,1.0,initial
275,1,1.0,1,1.0,-1.0,1.0,1.0,equilibrium
275,2,1.0,1,0.0,1.0,1.0,0.0,equilibrium
275,3,1.0,0,0.0,1.0,0.0,0.0,extinguished
275,4,0.0,0,0.0,0.0,0.0,0.0,extinguished
275,5,0.0,0,0.0,0.0,0.0,0.0,extinguished
275,6,0.0,0,0.0,0.0,0.0,0.0,extinguished
275,7,0.0,0,0.0,0.0,0.0,0.0,extinguished
275,8,0.0,0,0.0,0.0,0.0,0.0,extinguished
275,9,0.0,0,0.0,0.0,0.0,0.0,extinguished
275,10,0.0,0,0.0,0.0,0.0,0.0,extinguished
275,11,0.0,0,0.0,0.0,0.0,0.0,extinguished
275,12,0.0,0,0.0,0.0,0.0,0.0,extinguished
275,13,0.0,0,0.0,0.0,0.0,0.0,extinguished
275,14,0.0,0,0.0,0.0,0.0,0.0,extinguished
275,15,0.0,0,0.0,0.0,0.0,0.0,extinguished
275,16,0.0,0,0.0,0.0,0.0,0.0,extinguished
275,17,0.0,0,0.0,0.0,0.0,0.0,extinguished
275,18,0.0,0,0.0,0.0,0.0,0.0,extinguished
275,19,0.0,0,-1.0,0.0,0.0,-1.0,extinguished
276,0,-1.0,2,3.0,-1.0,-1.0,1.5,initial
276,1,2.0,3,8.0,-1.0,1.5,2.6666666666666665,supercritical
276,2,3.0,8,18.0,1.5,2.6666666666666665,2.25,supercritical
276,3,8.0,18,29.0,2.6666666666666665,2.25,1.6111111111111112,supercritical
276,4,18.0,29,43.0,2.25,1.6111111111111112,1.4827586206896552,supercritical
276,5,29.0,43,70.0,1.6111111111111112,1.4827586206896552,1.627906976744186,supercritical
276,6,43.0,70,73.0,1.4827586206896552,1.627906976744186,1.042857142857143,supercritical
276,7,70.0,73,29.0,1.627906976744186,1.042857142857143,0.3972602739726027,equilibrium
276,8,73.0,29,43.0,1.042857142857143,0.3972602739726027,1.4827586206896552,extinguished
276,9,29.0,43,56.0,0.3972602739726027,1.4827586206896552,1.302325581395349,supercritical
276,10,43.0,56,48.0,1.4827586206896552,1.302325581395349,0.8571428571428571,supercritical
276,11,56.0,48,43.0,1.302325581395349,0.8571428571428571,0.8958333333333334,extinguished
276,12,48.0,43,43.0,0.8571428571428571,0.8958333333333334,1.0,extinguished
276,13,43.0,43,57.0,0.8958333333333334,1.0,1.3255813953488371,equilibrium
276,14,43.0,57,51.0,1.0,1.3255813953488371,0.8947368421052632,supercritical
276,15,57.0,51,64.0,1.3255813953488371,0.8947368421052632,1.2549019607843137,extinguished
276,16,51.0,64,50.0,0.8947368421052632,1.2549019607843137,0.78125,supercritical
276,17,64.0,50,69.0,1.2549019607843137,0.78125,1.38,extinguished
276,18,50.0,69,34.0,0.78125,1.38,0.4927536231884058,supercritical
276,19,69.0,34,-1.0,1.38,0.4927536231884058,-1.0,extinguished
277,0,-1.0,4,10.0,-1.0,-1.0,2.5,initial
277,1,4.0,10,17.0,-1.0,2.5,1.7,supercritical
277,2,10.0,17,42.0,2.5,1.7,2.4705882352941178,supercritical
277,3,17.0,42,41.0,1.7,2.4705882352941178,0.9761904761904762,supercritical
277,4,42.0,41,61.0,2.4705882352941178,0.9761904761904762,1.4878048780487805,equilibrium
277,5,41.0,61,38.0,0.9761904761904762,1.4878048780487805,0.6229508196721312,supercritical
277,6,61.0,38,70.0,1.4878048780487805,0.6229508196721312,1.8421052631578947,extinguished
277,7,38.0,70,62.0,0.6229508196721312,1.8421052631578947,0.8857142857142857,supercritical
277,8,70.0,62,57.0,1.8421052631578947,0.8857142857142857,0.9193548387096774,extinguished
277,9,62.0,57,63.0,0.8857142857142857,0.9193548387096774,1.105263157894737,extinguished
277,10,57.0,63,59.0,0.9193548387096774,1.105263157894737,0.9365079365079364,supercritical
277,11,63.0,59,76.0,1.105263157894737,0.9365079365079364,1.2881355932203389,extinguished
277,12,59.0,76,29.0,0.9365079365079364,1.2881355932203389,0.3815789473684211,supercritical
277,13,76.0,29,39.0,1.2881355932203389,0.3815789473684211,1.3448275862068966,extinguished
277,14,29.0,39,71.0,0.3815789473684211,1.3448275862068966,1.8205128205128205,supercritical
277,15,39.0,71,25.0,1.3448275862068966,1.8205128205128205,0.352112676056338,supercritical
277,16,71.0,25,39.0,1.8205128205128205,0.352112676056338,1.56,extinguished
277,17,25.0,39,36.0,0.352112676056338,1.56,0.9230769230769232,supercritical
277,18,39.0,36,36.0,1.56,0.9230769230769232,1.0,extinguished
277,19,36.0,36,-1.0,0.9230769230769232,1.0,-1.0,equilibrium
278,0,-1.0,4,5.0,-1.0,-1.0,1.25,initial
278,1,4.0,5,8.0,-1.0,1.25,1.6,supercritical
278,2,5.0,8,9.0,1.25,1.6,1.125,supercritical
278,3,8.0,9,15.0,1.6,1.125,1.6666666666666667,supercritical
278,4,9.0,15,20.0,1.125,1.6666666666666667,1.3333333333333333,supercritical
278,5,15.0,20,19.0,1.6666666666666667,1.3333333333333333,0.95,supercritical
278,6,20.0,19,30.0,1.3333333333333333,0.95,1.5789473684210529,equilibrium
278,7,19.0,30,28.0,0.95,1.5789473684210529,0.9333333333333332,supercritical
278,8,30.0,28,43.0,1.5789473684210529,0.9333333333333332,1.5357142857142858,extinguished
278,9,28.0,43,43.0,0.9333333333333332,1.5357142857142858,1.0,supercritical
278,10,43.0,43,42.0,1.5357142857142858,1.0,0.9767441860465116,equilibrium
278,11,43.0,42,39.0,1.0,0.9767441860465116,0.9285714285714286,equilibrium
278,12,42.0,39,50.0,0.9767441860465116,0.9285714285714286,1.2820512820512822,extinguished
278,13,39.0,50,41.0,0.9285714285714286,1.2820512820512822,0.82,supercritical
278,14,50.0,41,53.0,1.2820512820512822,0.82,1.2926829268292683,extinguished
278,15,41.0,53,36.0,0.82,1.2926829268292683,0.6792452830188679,supercritical
278,16,53.0,36,55.0,1.2926829268292683,0.6792452830188679,1.5277777777777777,extinguished
278,17,36.0,55,51.0,0.6792452830188679,1.5277777777777777,0.9272727272727272,supercritical
278,18,55.0,51,39.0,1.5277777777777777,0.9272727272727272,0.7647058823529411,extinguished
278,19,51.0,39,-1.0,0.9272727272727272,0.7647058823529411,-1.0,extinguished
279,0,-1.0,5,9.0,-1.0,-1.0,1.8,initial
279,1,5.0,9,19.0,-1.0,1.8,2.111111111111111,supercritical
279,2,9.0,19,39.0,1.8,2.111111111111111,2.0526315789473686,supercritical
279,3,19.0,39,38.0,2.111111111111111,2.0526315789473686,0.9743589743589745,supercritical
279,4,39.0,38,53.0,2.0526315789473686,0.9743589743589745,1.394736842105263,equilibrium
279,5,38.0,53,35.0,0.9743589743589745,1.394736842105263,0.660377358490566,supercritical
279,6,53.0,35,62.0,1.394736842105263,0.660377358490566,1.7714285714285714,extinguished
279,7,35.0,62,42.0,0.660377358490566,1.7714285714285714,0.6774193548387096,supercritical
279,8,62.0,42,54.0,1.7714285714285714,0.6774193548387096,1.2857142857142858,extinguished
279,9,42.0,54,52.0,0.6774193548387096,1.2857142857142858,0.9629629629629628,supercritical
279,10,54.0,52,46.0,1.2857142857142858,0.9629629629629628,0.8846153846153846,equilibrium
279,11,52.0,46,38.0,0.9629629629629628,0.8846153846153846,0.8260869565217391,extinguished
279,12,46.0,38,41.0,0.8846153846153846,0.8260869565217391,1.0789473684210529,extinguished
279,13,38.0,41,45.0,0.8260869565217391,1.0789473684210529,1.0975609756097562,supercritical
279,14,41.0,45,57.0,1.0789473684210529,1.0975609756097562,1.2666666666666666,supercritical
279,15,45.0,57,34.0,1.0975609756097562,1.2666666666666666,0.5964912280701754,supercritical
279,16,57.0,34,38.0,1.2666666666666666,0.5964912280701754,1.1176470588235294,extinguished
279,17,34.0,38,45.0,0.5964912280701754,1.1176470588235294,1.1842105263157894,supercritical
279,18,38.0,45,52.0,1.1176470588235294,1.1842105263157894,1.1555555555555554,supercritical
279,19,45.0,52,-1.0,1.1842105263157894,1.1555555555555554,-1.0,supercritical
280,0,-1.0,2,3.0,-1.0,-1.0,1.5,initial
280,1,2.0,3,9.0,-1.0,1.5,3.0,supercritical
280,2,3.0,9,22.0,1.5,3.0,2.4444444444444446,supercritical
280,3,9.0,22,24.0,3.0,2.4444444444444446,1.0909090909090908,supercritical
280,4,22.0,24,37.0,2.4444444444444446,1.0909090909090908,1.5416666666666667,supercritical
280,5,24.0,37,53.0,1.0909090909090908,1.5416666666666667,1.4324324324324325,supercritical
280,6,37.0,53,68.0,1.5416666666666667,1.4324324324324325,1.2830188679245282,supercritical
280,7,53.0,68,54.0,1.4324324324324325,1.2830188679245282,0.7941176470588235,supercritical
280,8,68.0,54,57.0,1.2830188679245282,0.7941176470588235,1.0555555555555556,extinguished
280,9,54.0,57,59.0,0.7941176470588235,1.0555555555555556,1.0350877192982455,supercritical
280,10,57.0,59,54.0,1.0555555555555556,1.0350877192982455,0.9152542372881356,equilibrium
280,11,59.0,54,51.0,1.0350877192982455,0.9152542372881356,0.9444444444444444,extinguished
280,12,54.0,51,52.0,0.9152542372881356,0.9444444444444444,1.0196078431372548,extinguished
280,13,51.0,52,35.0,0.9444444444444444,1.0196078431372548,0.6730769230769231,equilibrium
280,14,52.0,35,55.0,1.0196078431372548,0.6730769230769231,1.5714285714285714,extinguished
280,15,35.0,55,51.0,0.6730769230769231,1.5714285714285714,0.9272727272727272,supercritical
280,16,55.0,51,69.0,1.5714285714285714,0.9272727272727272,1.3529411764705883,extinguished
280,17,51.0,69,57.0,0.9272727272727272,1.3529411764705883,0.8260869565217391,supercritical
280,18,69.0,57,44.0,1.3529411764705883,0.8260869565217391,0.7719298245614035,extinguished
280,19,57.0,44,-1.0,0.8260869565217391,0.7719298245614035,-1.0,extinguished
281,0,-1.0,4,11.0,-1.0,-1.0,2.75,initial
281,1,4.0,11,18.0,-1.0,2.75,1.6363636363636365,supercritical
281,2,11.0,18,32.0,2.75,1.6363636363636365,1.7777777777777777,supercritical
281,3,18.0,32,45.0,1.6363636363636365,1.7777777777777777,1.40625,supercritical
281,4,32.0,45,67.0,1.7777777777777777,1.40625,1.488888888888889,supercritical
281,5,45.0,67,34.0,1.40625,1.488888888888889,0.5074626865671642,supercritical
281,6,67.0,34,45.0,1.488888888888889,0.5074626865671642,1.3235294117647058,extinguished
281,7,34.0,45,66.0,0.5074626865671642,1.3235294117647058,1.4666666666666666,supercritical
281,8,45.0,66,43.0,1.3235294117647058,1.4666666666666666,0.6515151515151515,supercritical
281,9,66.0,43,39.0,1.4666666666666666,0.6515151515151515,0.9069767441860463,extinguished
281,10,43.0,39,53.0,0.6515151515151515,0.9069767441860463,1.358974358974359,extinguished
281,11,39.0,53,46.0,0.9069767441860463,1.358974358974359,0.8679245283018868,supercritical
281,12,53.0,46,35.0,1.358974358974359,0.8679245283018868,0.7608695652173914,extinguished
281,13,46.0,35,46.0,0.8679245283018868,0.7608695652173914,1.3142857142857145,extinguished
281,14,35.0,46,51.0,0.7608695652173914,1.3142857142857145,1.108695652173913,supercritical
281,15,46.0,51,40.0,1.3142857142857145,1.108695652173913,0.7843137254901961,supercritical
281,16,51.0,40,42.0,1.108695652173913,0.7843137254901961,1.05,extinguished
281,17,40.0,42,62.0,0.7843137254901961,1.05,1.4761904761904765,equilibrium
281,18,42.0,62,47.0,1.05,1.4761904761904765,0.7580645161290323,supercritical
281,19,62.0,47,-1.0,1.4761904761904765,0.7580645161290323,-1.0,extinguished
282,0,-1.0,5,6.0,-1.0,-1.0,1.2,initial
282,1,5.0,6,8.0,-1.0,1.2,1.3333333333333333,supercritical
282,2,6.0,8,14.0,1.2,1.3333333333333333,1.75,supercritical
282,3,8.0,14,29.0,1.3333333333333333,1.75,2.071428571428572,supercritical
282,4,14.0,29,33.0,1.75,2.071428571428572,1.137931034482759,supercritical
282,5,29.0,33,32.0,2.071428571428572,1.137931034482759,0.9696969696969696,supercritical
282,6,33.0,32,50.0,1.137931034482759,0.9696969696969696,1.5625,equilibrium
282,7,32.0,50,56.0,0.9696969696969696,1.5625,1.12,supercritical
282,8,50.0,56,53.0,1.5625,1.12,0.9464285714285714,supercritical
282,9,56.0,53,49.0,1.12,0.9464285714285714,0.9245283018867924,extinguished
282,10,53.0,49,49.0,0.9464285714285714,0.9245283018867924,1.0,extinguished
282,11,49.0,49,44.0,0.9245283018867924,1.0,0.8979591836734694,equilibrium
282,12,49.0,44,44.0,1.0,0.8979591836734694,1.0,extinguished
282,13,44.0,44,66.0,0.8979591836734694,1.0,1.5,equilibrium
282,14,44.0,66,36.0,1.0,1.5,0.5454545454545454,supercritical
282,15,66.0,36,40.0,1.5,0.5454545454545454,1.1111111111111112,extinguished
282,16,36.0,40,32.0,0.5454545454545454,1.1111111111111112,0.8,supercritical
282,17,40.0,32,23.0,1.1111111111111112,0.8,0.71875,extinguished
282,18,32.0,23,31.0,0.8,0.71875,1.3478260869565215,extinguished
282,19,23.0,31,-1.0,0.71875,1.3478260869565215,-1.0,supercritical
283,0,-1.0,5,9.0,-1.0,-1.0,1.8,initial
283,1,5.0,9,21.0,-1.0,1.8,2.333333333333333,supercritical
283,2,9.0,21,31.0,1.8,2.333333333333333,1.4761904761904765,supercritical
283,3,21.0,31,52.0,2.333333333333333,1.4761904761904765,1.6774193548387095,supercritical
283,4,31.0,52,57.0,1.4761904761904765,1.6774193548387095,1.0961538461538465,supercritical
283,5,52.0,57,68.0,1.6774193548387095,1.0961538461538465,1.1929824561403508,supercritical
283,6,57.0,68,44.0,1.0961538461538465,1.1929824561403508,0.6470588235294118,supercritical
283,7,68.0,44,48.0,1.1929824561403508,0.6470588235294118,1.0909090909090908,extinguished
283,8,44.0,48,62.0,0.6470588235294118,1.0909090909090908,1.2916666666666667,supercritical
283,9,48.0,62,40.0,1.0909090909090908,1.2916666666666667,0.6451612903225806,supercritical
283,10,62.0,40,42.0,1.2916666666666667,0.6451612903225806,1.05,extinguished
283,11,40.0,42,53.0,0.6451612903225806,1.05,1.261904761904762,equilibrium
283,12,42.0,53,84.0,1.05,1.261904761904762,1.5849056603773586,supercritical
283,13,53.0,84,16.0,1.261904761904762,1.5849056603773586,0.1904761904761904,supercritical
283,14,84.0,16,19.0,1.5849056603773586,0.1904761904761904,1.1875,extinguished
283,15,16.0,19,31.0,0.1904761904761904,1.1875,1.631578947368421,supercritical
283,16,19.0,31,45.0,1.1875,1.631578947368421,1.4516129032258065,supercritical
283,17,31.0,45,70.0,1.631578947368421,1.4516129032258065,1.5555555555555556,supercritical
283,18,45.0,70,51.0,1.4516129032258065,1.5555555555555556,0.7285714285714285,supercritical
283,19,70.0,51,-1.0,1.5555555555555556,0.7285714285714285,-1.0,extinguished
284,0,-1.0,5,7.0,-1.0,-1.0,1.4,initial
284,1,5.0,7,11.0,-1.0,1.4,1.5714285714285714,supercritical
284,2,7.0,11,29.0,1.4,1.5714285714285714,2.636363636363636,supercritical
284,3,11.0,29,41.0,1.5714285714285714,2.636363636363636,1.4137931034482758,supercritical
284,4,29.0,41,55.0,2.636363636363636,1.4137931034482758,1.3414634146341464,supercritical
284,5,41.0,55,71.0,1.4137931034482758,1.3414634146341464,1.290909090909091,supercritical
284,6,55.0,71,53.0,1.3414634146341464,1.290909090909091,0.7464788732394366,supercritical
284,7,71.0,53,57.0,1.290909090909091,0.7464788732394366,1.0754716981132075,extinguished
284,8,53.0,57,40.0,0.7464788732394366,1.0754716981132075,0.7017543859649122,supercritical
284,9,57.0,40,53.0,1.0754716981132075,0.7017543859649122,1.325,extinguished
284,10,40.0,53,54.0,0.7017543859649122,1.325,1.018867924528302,supercritical
284,11,53.0,54,45.0,1.325,1.018867924528302,0.8333333333333334,equilibrium
284,12,54.0,45,72.0,1.018867924528302,0.8333333333333334,1.6,extinguished
284,13,45.0,72,56.0,0.8333333333333334,1.6,0.7777777777777778,supercritical
284,14,72.0,56,39.0,1.6,0.7777777777777778,0.6964285714285714,extinguished
284,15,56.0,39,64.0,0.7777777777777778,0.6964285714285714,1.641025641025641,extinguished
284,16,39.0,64,55.0,0.6964285714285714,1.641025641025641,0.859375,supercritical
284,17,64.0,55,35.0,1.641025641025641,0.859375,0.6363636363636364,extinguished
284,18,55.0,35,30.0,0.859375,0.6363636363636364,0.8571428571428571,extinguished
284,19,35.0,30,-1.0,0.6363636363636364,0.8571428571428571,-1.0,extinguished
285,0,-1.0,4,15.0,-1.0,-1.0,3.75,initial
285,1,4.0,15,32.0,-1.0,3.75,2.1333333333333333,supercritical
285,2,15.0,32,36.0,3.75,2.1333333333333333,1.125,supercritical
285,3,32.0,36,51.0,2.1333333333333333,1.125,1.4166666666666667,supercritical
285,4,36.0,51,50.0,1.125,1.4166666666666667,0.9803921568627452,supercritical
285,5,51.0,50,60.0,1.4166666666666667,0.9803921568627452,1.2,equilibrium
285,6,50.0,60,41.0,0.9803921568627452,1.2,0.6833333333333333,supercritical
285,7,60.0,41,46.0,1.2,0.6833333333333333,1.1219512195121952,extinguished
285,8,41.0,46,67.0,0.6833333333333333,1.1219512195121952,1.4565217391304348,supercritical
285,9,46.0,67,41.0,1.1219512195121952,1.4565217391304348,0.6119402985074627,supercritical
285,10,67.0,41,47.0,1.4565217391304348,0.6119402985074627,1.146341463414634,extinguished
285,11,41.0,47,38.0,0.6119402985074627,1.146341463414634,0.8085106382978723,supercritical
285,12,47.0,38,52.0,1.146341463414634,0.8085106382978723,1.368421052631579,extinguished
285,13,38.0,52,46.0,0.8085106382978723,1.368421052631579,0.8846153846153846,supercritical
285,14,52.0,46,60.0,1.368421052631579,0.8846153846153846,1.3043478260869563,extinguished
285,15,46.0,60,55.0,0.8846153846153846,1.3043478260869563,0.9166666666666666,supercritical
285,16,60.0,55,33.0,1.3043478260869563,0.9166666666666666,0.6,extinguished
285,17,55.0,33,60.0,0.9166666666666666,0.6,1.818181818181818,extinguished
285,18,33.0,60,43.0,0.6,1.818181818181818,0.7166666666666667,supercritical
285,19,60.0,43,-1.0,1.818181818181818,0.7166666666666667,-1.0,extinguished
286,0,-1.0,3,5.0,-1.0,-1.0,1.6666666666666667,initial
286,1,3.0,5,10.0,-1.0,1.6666666666666667,2.0,supercritical
286,2,5.0,10,12.0,1.6666666666666667,2.0,1.2,supercritical
286,3,10.0,12,24.0,2.0,1.2,2.0,supercritical
286,4,12.0,24,21.0,1.2,2.0,0.875,supercritical
286,5,24.0,21,31.0,2.0,0.875,1.4761904761904765,extinguished
286,6,21.0,31,33.0,0.875,1.4761904761904765,1.064516129032258,supercritical
286,7,31.0,33,35.0,1.4761904761904765,1.064516129032258,1.0606060606060606,supercritical
286,8,33.0,35,51.0,1.064516129032258,1.0606060606060606,1.457142857142857,supercritical
286,9,35.0,51,49.0,1.0606060606060606,1.457142857142857,0.9607843137254902,supercritical
286,10,51.0,49,35.0,1.457142857142857,0.9607843137254902,0.7142857142857143,equilibrium
286,11,49.0,35,43.0,0.9607843137254902,0.7142857142857143,1.2285714285714286,extinguished
286,12,35.0,43,41.0,0.7142857142857143,1.2285714285714286,0.9534883720930232,supercritical
286,13,43.0,41,34.0,1.2285714285714286,0.9534883720930232,0.8292682926829268,equilibrium
286,14,41.0,34,37.0,0.9534883720930232,0.8292682926829268,1.088235294117647,extinguished
286,15,34.0,37,26.0,0.8292682926829268,1.088235294117647,0.7027027027027027,supercritical
286,16,37.0,26,29.0,1.088235294117647,0.7027027027027027,1.1153846153846154,extinguished
286,17,26.0,29,39.0,0.7027027027027027,1.1153846153846154,1.3448275862068966,supercritical
286,18,29.0,39,27.0,1.1153846153846154,1.3448275862068966,0.6923076923076923,supercritical
286,19,39.0,27,-1.0,1.3448275862068966,0.6923076923076923,-1.0,extinguished
287,0,-1.0,3,5.0,-1.0,-1.0,1.6666666666666667,initial
287,1,3.0,5,16.0,-1.0,1.6666666666666667,3.2,supercritical
287,2,5.0,16,27.0,1.6666666666666667,3.2,1.6875,supercritical
287,3,16.0,27,42.0,3.2,1.6875,1.5555555555555556,supercritical
287,4,27.0,42,62.0,1.6875,1.5555555555555556,1.4761904761904765,supercritical
287,5,42.0,62,55.0,1.5555555555555556,1.4761904761904765,0.8870967741935484,supercritical
287,6,62.0,55,65.0,1.4761904761904765,0.8870967741935484,1.181818181818182,extinguished
287,7,55.0,65,69.0,0.8870967741935484,1.181818181818182,1.0615384615384615,supercritical
287,8,65.0,69,35.0,1.181818181818182,1.0615384615384615,0.5072463768115942,supercritical
287,9,69.0,35,70.0,1.0615384615384615,0.5072463768115942,2.0,extinguished
287,10,35.0,70,44.0,0.5072463768115942,2.0,0.6285714285714286,supercritical
287,11,70.0,44,61.0,2.0,0.6285714285714286,1.3863636363636365,extinguished
287,12,44.0,61,54.0,0.6285714285714286,1.3863636363636365,0.8852459016393442,supercritical
287,13,61.0,54,34.0,1.3863636363636365,0.8852459016393442,0.6296296296296297,extinguished
287,14,54.0,34,44.0,0.8852459016393442,0.6296296296296297,1.2941176470588236,extinguished
287,15,34.0,44,45.0,0.6296296296296297,1.2941176470588236,1.0227272727272727,supercritical
287,16,44.0,45,51.0,1.2941176470588236,1.0227272727272727,1.1333333333333333,equilibrium
287,17,45.0,51,43.0,1.0227272727272727,1.1333333333333333,0.8431372549019608,supercritical
287,18,51.0,43,46.0,1.1333333333333333,0.8431372549019608,1.069767441860465,extinguished
287,19,43.0,46,-1.0,0.8431372549019608,1.069767441860465,-1.0,supercritical
288,0,-1.0,1,1.0,-1.0,-1.0,1.0,initial
288,1,1.0,1,1.0,-1.0,1.0,1.0,equilibrium
288,2,1.0,1,2.0,1.0,1.0,2.0,equilibrium
288,3,1.0,2,1.0,1.0,2.0,0.5,supercritical
288,4,2.0,1,0.0,2.0,0.5,0.0,extinguished
288,5,1.0,0,0.0,0.5,0.0,0.0,extinguished
288,6,0.0,0,0.0,0.0,0.0,0.0,extinguished
288,7,0.0,0,0.0,0.0,0.0,0.0,extinguished
288,8,0.0,0,0.0,0.0,0.0,0.0,extinguished
288,9,0.0,0,0.0,0.0,0.0,0.0,extinguished
288,10,0.0,0,0.0,0.0,0.0,0.0,extinguished
288,11,0.0,0,0.0,0.0,0.0,0.0,extinguished
288,12,0.0,0,0.0,0.0,0.0,0.0,extinguished
288,13,0.0,0,0.0,0.0,0.0,0.0,extinguished
288,14,0.0,0,0.0,0.0,0.0,0.0,extinguished
288,15,0.0,0,0.0,0.0,0.0,0.0,extinguished
288,16,0.0,0,0.0,0.0,0.0,0.0,extinguished
288,17,0.0,0,0.0,0.0,0.0,0.0,extinguished
288,18,0.0,0,0.0,0.0,0.0,0.0,extinguished
288,19,0.0,0,-1.0,0.0,0.0,-1.0,extinguished
289,0,-1.0,1,3.0,-1.0,-1.0,3.0,initial
289,1,1.0,3,6.0,-1.0,3.0,2.0,supercritical
289,2,3.0,6,8.0,3.0,2.0,1.3333333333333333,supercritical
289,3,6.0,8,14.0,2.0,1.3333333333333333,1.75,supercritical
289,4,8.0,14,27.0,1.3333333333333333,1.75,1.9285714285714288,supercritical
289,5,14.0,27,34.0,1.75,1.9285714285714288,1.2592592592592593,supercritical
289,6,27.0,34,30.0,1.9285714285714288,1.2592592592592593,0.8823529411764706,supercritical
289,7,34.0,30,59.0,1.2592592592592593,0.8823529411764706,1.9666666666666663,extinguished
289,8,30.0,59,56.0,0.8823529411764706,1.9666666666666663,0.9491525423728814,supercritical
289,9,59.0,56,43.0,1.9666666666666663,0.9491525423728814,0.7678571428571429,extinguished
289,10,56.0,43,39.0,0.9491525423728814,0.7678571428571429,0.9069767441860463,extinguished
289,11,43.0,39,62.0,0.7678571428571429,0.9069767441860463,1.5897435897435896,extinguished
289,12,39.0,62,69.0,0.9069767441860463,1.5897435897435896,1.1129032258064515,supercritical
289,13,62.0,69,45.0,1.5897435897435896,1.1129032258064515,0.6521739130434783,supercritical
289,14,69.0,45,63.0,1.1129032258064515,0.6521739130434783,1.4,extinguished
289,15,45.0,63,53.0,0.6521739130434783,1.4,0.8412698412698413,supercritical
289,16,63.0,53,62.0,1.4,0.8412698412698413,1.169811320754717,extinguished
289,17,53.0,62,55.0,0.8412698412698413,1.169811320754717,0.8870967741935484,supercritical
289,18,62.0,55,60.0,1.169811320754717,0.8870967741935484,1.0909090909090908,extinguished
289,19,55.0,60,-1.0,0.8870967741935484,1.0909090909090908,-1.0,supercritical
290,0,-1.0,3,4.0,-1.0,-1.0,1.3333333333333333,initial
290,1,3.0,4,9.0,-1.0,1.3333333333333333,2.25,supercritical
290,2,4.0,9,20.0,1.3333333333333333,2.25,2.2222222222222223,supercritical
290,3,9.0,20,25.0,2.25,2.2222222222222223,1.25,supercritical
290,4,20.0,25,33.0,2.2222222222222223,1.25,1.32,supercritical
290,5,25.0,33,51.0,1.25,1.32,1.5454545454545454,supercritical
290,6,33.0,51,44.0,1.32,1.5454545454545454,0.8627450980392157,supercritical
290,7,51.0,44,57.0,1.5454545454545454,0.8627450980392157,1.2954545454545454,extinguished
290,8,44.0,57,46.0,0.8627450980392157,1.2954545454545454,0.8070175438596491,supercritical
290,9,57.0,46,64.0,1.2954545454545454,0.8070175438596491,1.391304347826087,extinguished
290,10,46.0,64,32.0,0.8070175438596491,1.391304347826087,0.5,supercritical
290,11,64.0,32,48.0,1.391304347826087,0.5,1.5,extinguished
290,12,32.0,48,48.0,0.5,1.5,1.0,supercritical
290,13,48.0,48,56.0,1.5,1.0,1.1666666666666667,equilibrium
290,14,48.0,56,53.0,1.0,1.1666666666666667,0.9464285714285714,supercritical
290,15,56.0,53,44.0,1.1666666666666667,0.9464285714285714,0.8301886792452831,extinguished
290,16,53.0,44,55.0,0.9464285714285714,0.8301886792452831,1.25,extinguished
290,17,44.0,55,61.0,0.8301886792452831,1.25,1.1090909090909091,supercritical
290,18,55.0,61,71.0,1.25,1.1090909090909091,1.1639344262295082,supercritical
290,19,61.0,71,-1.0,1.1090909090909091,1.1639344262295082,-1.0,supercritical
291,0,-1.0,1,1.0,-1.0,-1.0,1.0,initial
291,1,1.0,1,3.0,-1.0,1.0,3.0,equilibrium
291,2,1.0,3,3.0,1.0,3.0,1.0,supercritical
291,3,3.0,3,7.0,3.0,1.0,2.333333333333333,equilibrium
291,4,3.0,7,20.0,1.0,2.333333333333333,2.857142857142857,supercritical
291,5,7.0,20,28.0,2.333333333333333,2.857142857142857,1.4,supercritical
291,6,20.0,28,48.0,2.857142857142857,1.4,1.7142857142857142,supercritical
291,7,28.0,48,61.0,1.4,1.7142857142857142,1.2708333333333333,supercritical
291,8,48.0,61,70.0,1.7142857142857142,1.2708333333333333,1.147540983606557,supercritical
291,9,61.0,70,56.0,1.2708333333333333,1.147540983606557,0.8,supercritical
291,10,70.0,56,45.0,1.147540983606557,0.8,0.8035714285714286,extinguished
291,11,56.0,45,55.0,0.8,0.8035714285714286,1.2222222222222223,extinguished
291,12,45.0,55,43.0,0.8035714285714286,1.2222222222222223,0.7818181818181819,supercritical
291,13,55.0,43,35.0,1.2222222222222223,0.7818181818181819,0.813953488372093,extinguished
291,14,43.0,35,49.0,0.7818181818181819,0.813953488372093,1.4,extinguished
291,15,35.0,49,65.0,0.813953488372093,1.4,1.326530612244898,supercritical
291,16,49.0,65,66.0,1.4,1.326530612244898,1.015384615384615,supercritical
291,17,65.0,66,56.0,1.326530612244898,1.015384615384615,0.8484848484848485,equilibrium
291,18,66.0,56,45.0,1.015384615384615,0.8484848484848485,0.8035714285714286,extinguished
291,19,56.0,45,-1.0,0.8484848484848485,0.8035714285714286,-1.0,extinguished
292,0,-1.0,2,4.0,-1.0,-1.0,2.0,initial
292,1,2.0,4,8.0,-1.0,2.0,2.0,supercritical
292,2,4.0,8,14.0,2.0,2.0,1.75,supercritical
292,3,8.0,14,22.0,2.0,1.75,1.5714285714285714,supercritical
292,4,14.0,22,36.0,1.75,1.5714285714285714,1.6363636363636365,supercritical
292,5,22.0,36,31.0,1.5714285714285714,1.6363636363636365,0.8611111111111112,supercritical
292,6,36.0,31,45.0,1.6363636363636365,0.8611111111111112,1.4516129032258065,extinguished
292,7,31.0,45,36.0,0.8611111111111112,1.4516129032258065,0.8,supercritical
292,8,45.0,36,51.0,1.4516129032258065,0.8,1.4166666666666667,extinguished
292,9,36.0,51,47.0,0.8,1.4166666666666667,0.9215686274509804,supercritical
292,10,51.0,47,60.0,1.4166666666666667,0.9215686274509804,1.2765957446808511,extinguished
292,11,47.0,60,45.0,0.9215686274509804,1.2765957446808511,0.75,supercritical
292,12,60.0,45,47.0,1.2765957446808511,0.75,1.0444444444444445,extinguished
292,13,45.0,47,47.0,0.75,1.0444444444444445,1.0,equilibrium
292,14,47.0,47,43.0,1.0444444444444445,1.0,0.9148936170212766,equilibrium
292,15,47.0,43,59.0,1.0,0.9148936170212766,1.372093023255814,extinguished
292,16,43.0,59,52.0,0.9148936170212766,1.372093023255814,0.8813559322033898,supercritical
292,17,59.0,52,60.0,1.372093023255814,0.8813559322033898,1.1538461538461535,extinguished
292,18,52.0,60,75.0,0.8813559322033898,1.1538461538461535,1.25,supercritical
292,19,60.0,75,-1.0,1.1538461538461535,1.25,-1.0,supercritical
293,0,-1.0,3,6.0,-1.0,-1.0,2.0,initial
293,1,3.0,6,9.0,-1.0,2.0,1.5,supercritical
293,2,6.0,9,12.0,2.0,1.5,1.3333333333333333,supercritical
293,3,9.0,12,20.0,1.5,1.3333333333333333,1.6666666666666667,supercritical
293,4,12.0,20,22.0,1.3333333333333333,1.6666666666666667,1.1,supercritical
293,5,20.0,22,47.0,1.6666666666666667,1.1,2.136363636363636,supercritical
293,6,22.0,47,51.0,1.1,2.136363636363636,1.0851063829787233,supercritical
293,7,47.0,51,51.0,2.136363636363636,1.0851063829787233,1.0,supercritical
293,8,51.0,51,55.0,1.0851063829787233,1.0,1.0784313725490196,equilibrium
293,9,51.0,55,41.0,1.0,1.0784313725490196,0.7454545454545455,supercritical
293,10,55.0,41,41.0,1.0784313725490196,0.7454545454545455,1.0,extinguished
293,11,41.0,41,48.0,0.7454545454545455,1.0,1.170731707317073,equilibrium
293,12,41.0,48,34.0,1.0,1.170731707317073,0.7083333333333334,supercritical
293,13,48.0,34,39.0,1.170731707317073,0.7083333333333334,1.1470588235294117,extinguished
293,14,34.0,39,41.0,0.7083333333333334,1.1470588235294117,1.051282051282051,supercritical
293,15,39.0,41,35.0,1.1470588235294117,1.051282051282051,0.8536585365853658,supercritical
293,16,41.0,35,55.0,1.051282051282051,0.8536585365853658,1.5714285714285714,extinguished
293,17,35.0,55,50.0,0.8536585365853658,1.5714285714285714,0.9090909090909092,supercritical
293,18,55.0,50,39.0,1.5714285714285714,0.9090909090909092,0.78,extinguished
293,19,50.0,39,-1.0,0.9090909090909092,0.78,-1.0,extinguished
294,0,-1.0,3,5.0,-1.0,-1.0,1.6666666666666667,initial
294,1,3.0,5,7.0,-1.0,1.6666666666666667,1.4,supercritical
294,2,5.0,7,16.0,1.6666666666666667,1.4,2.2857142857142856,supercritical
294,3,7.0,16,12.0,1.4,2.2857142857142856,0.75,supercritical
294,4,16.0,12,22.0,2.2857142857142856,0.75,1.8333333333333333,extinguished
294,5,12.0,22,40.0,0.75,1.8333333333333333,1.818181818181818,supercritical
294,6,22.0,40,75.0,1.8333333333333333,1.818181818181818,1.875,supercritical
294,7,40.0,75,43.0,1.818181818181818,1.875,0.5733333333333334,supercritical
294,8,75.0,43,50.0,1.875,0.5733333333333334,1.162790697674419,extinguished
294,9,43.0,50,51.0,0.5733333333333334,1.162790697674419,1.02,supercritical
294,10,50.0,51,49.0,1.162790697674419,1.02,0.9607843137254902,equilibrium
294,11,51.0,49,52.0,1.02,0.9607843137254902,1.0612244897959184,equilibrium
294,12,49.0,52,53.0,0.9607843137254902,1.0612244897959184,1.0192307692307692,supercritical
294,13,52.0,53,61.0,1.0612244897959184,1.0192307692307692,1.150943396226415,equilibrium
294,14,53.0,61,54.0,1.0192307692307692,1.150943396226415,0.8852459016393442,supercritical
294,15,61.0,54,45.0,1.150943396226415,0.8852459016393442,0.8333333333333334,extinguished
294,16,54.0,45,61.0,0.8852459016393442,0.8333333333333334,1.3555555555555556,extinguished
294,17,45.0,61,36.0,0.8333333333333334,1.3555555555555556,0.5901639344262295,supercritical
294,18,61.0,36,47.0,1.3555555555555556,0.5901639344262295,1.3055555555555556,extinguished
294,19,36.0,47,-1.0,0.5901639344262295,1.3055555555555556,-1.0,supercritical
295,0,-1.0,1,1.0,-1.0,-1.0,1.0,initial
295,1,1.0,1,1.0,-1.0,1.0,1.0,equilibrium
295,2,1.0,1,2.0,1.0,1.0,2.0,equilibrium
295,3,1.0,2,6.0,1.0,2.0,3.0,supercritical
295,4,2.0,6,18.0,2.0,3.0,3.0,supercritical
295,5,6.0,18,35.0,3.0,3.0,1.9444444444444444,supercritical
295,6,18.0,35,52.0,3.0,1.9444444444444444,1.4857142857142858,supercritical
295,7,35.0,52,45.0,1.9444444444444444,1.4857142857142858,0.8653846153846154,supercritical
295,8,52.0,45,39.0,1.4857142857142858,0.8653846153846154,0.8666666666666667,extinguished
295,9,45.0,39,44.0,0.8653846153846154,0.8666666666666667,1.1282051282051282,extinguished
295,10,39.0,44,39.0,0.8666666666666667,1.1282051282051282,0.8863636363636364,supercritical
295,11,44.0,39,61.0,1.1282051282051282,0.8863636363636364,1.564102564102564,extinguished
295,12,39.0,61,67.0,0.8863636363636364,1.564102564102564,1.098360655737705,supercritical
295,13,61.0,67,63.0,1.564102564102564,1.098360655737705,0.9402985074626866,supercritical
295,14,67.0,63,44.0,1.098360655737705,0.9402985074626866,0.6984126984126984,extinguished
295,15,63.0,44,50.0,0.9402985074626866,0.6984126984126984,1.1363636363636365,extinguished
295,16,44.0,50,70.0,0.6984126984126984,1.1363636363636365,1.4,supercritical
295,17,50.0,70,64.0,1.1363636363636365,1.4,0.9142857142857144,supercritical
295,18,70.0,64,63.0,1.4,0.9142857142857144,0.984375,extinguished
295,19,64.0,63,-1.0,0.9142857142857144,0.984375,-1.0,equilibrium
296,0,-1.0,3,12.0,-1.0,-1.0,4.0,initial
296,1,3.0,12,19.0,-1.0,4.0,1.5833333333333333,supercritical
296,2,12.0,19,41.0,4.0,1.5833333333333333,2.1578947368421053,supercritical
296,3,19.0,41,64.0,1.5833333333333333,2.1578947368421053,1.5609756097560976,supercritical
296,4,41.0,64,63.0,2.1578947368421053,1.5609756097560976,0.984375,supercritical
296,5,64.0,63,69.0,1.5609756097560976,0.984375,1.0952380952380951,equilibrium
296,6,63.0,69,62.0,0.984375,1.0952380952380951,0.8985507246376812,supercritical
296,7,69.0,62,61.0,1.0952380952380951,0.8985507246376812,0.9838709677419356,extinguished
296,8,62.0,61,49.0,0.8985507246376812,0.9838709677419356,0.8032786885245902,equilibrium
296,9,61.0,49,37.0,0.9838709677419356,0.8032786885245902,0.7551020408163265,extinguished
296,10,49.0,37,51.0,0.8032786885245902,0.7551020408163265,1.3783783783783785,extinguished
296,11,37.0,51,46.0,0.7551020408163265,1.3783783783783785,0.9019607843137256,supercritical
296,12,51.0,46,45.0,1.3783783783783785,0.9019607843137256,0.9782608695652174,extinguished
296,13,46.0,45,36.0,0.9019607843137256,0.9782608695652174,0.8,equilibrium
296,14,45.0,36,59.0,0.9782608695652174,0.8,1.6388888888888888,extinguished
296,15,36.0,59,56.0,0.8,1.6388888888888888,0.9491525423728814,supercritical
296,16,59.0,56,54.0,1.6388888888888888,0.9491525423728814,0.9642857142857144,extinguished
296,17,56.0,54,63.0,0.9491525423728814,0.9642857142857144,1.1666666666666667,equilibrium
296,18,54.0,63,44.0,0.9642857142857144,1.1666666666666667,0.6984126984126984,supercritical
296,19,63.0,44,-1.0,1.1666666666666667,0.6984126984126984,-1.0,extinguished
297,0,-1.0,4,4.0,-1.0,-1.0,1.0,initial
297,1,4.0,4,10.0,-1.0,1.0,2.5,equilibrium
297,2,4.0,10,18.0,1.0,2.5,1.8,supercritical
297,3,10.0,18,25.0,2.5,1.8,1.3888888888888888,supercritical
297,4,18.0,25,29.0,1.8,1.3888888888888888,1.16,supercritical
297,5,25.0,29,30.0,1.3888888888888888,1.16,1.0344827586206895,supercritical
297,6,29.0,30,47.0,1.16,1.0344827586206895,1.5666666666666669,equilibrium
297,7,30.0,47,54.0,1.0344827586206895,1.5666666666666669,1.148936170212766,supercritical
297,8,47.0,54,35.0,1.5666666666666669,1.148936170212766,0.6481481481481481,supercritical
297,9,54.0,35,48.0,1.148936170212766,0.6481481481481481,1.3714285714285714,extinguished
297,10,35.0,48,33.0,0.6481481481481481,1.3714285714285714,0.6875,supercritical
297,11,48.0,33,59.0,1.3714285714285714,0.6875,1.7878787878787878,extinguished
297,12,33.0,59,65.0,0.6875,1.7878787878787878,1.1016949152542372,supercritical
297,13,59.0,65,34.0,1.7878787878787878,1.1016949152542372,0.5230769230769231,supercritical
297,14,65.0,34,44.0,1.1016949152542372,0.5230769230769231,1.2941176470588236,extinguished
297,15,34.0,44,67.0,0.5230769230769231,1.2941176470588236,1.5227272727272727,supercritical
297,16,44.0,67,51.0,1.2941176470588236,1.5227272727272727,0.7611940298507462,supercritical
297,17,67.0,51,54.0,1.5227272727272727,0.7611940298507462,1.0588235294117647,extinguished
297,18,51.0,54,39.0,0.7611940298507462,1.0588235294117647,0.7222222222222222,supercritical
297,19,54.0,39,-1.0,1.0588235294117647,0.7222222222222222,-1.0,extinguished
298,0,-1.0,2,5.0,-1.0,-1.0,2.5,initial
298,1,2.0,5,5.0,-1.0,2.5,1.0,supercritical
298,2,5.0,5,8.0,2.5,1.0,1.6,equilibrium
298,3,5.0,8,11.0,1.0,1.6,1.375,supercritical
298,4,8.0,11,26.0,1.6,1.375,2.363636363636364,supercritical
298,5,11.0,26,33.0,1.375,2.363636363636364,1.2692307692307692,supercritical
298,6,26.0,33,39.0,2.363636363636364,1.2692307692307692,1.181818181818182,supercritical
298,7,33.0,39,44.0,1.2692307692307692,1.181818181818182,1.1282051282051282,supercritical
298,8,39.0,44,44.0,1.181818181818182,1.1282051282051282,1.0,supercritical
298,9,44.0,44,56.0,1.1282051282051282,1.0,1.2727272727272727,equilibrium
298,10,44.0,56,61.0,1.0,1.2727272727272727,1.0892857142857142,supercritical
298,11,56.0,61,44.0,1.2727272727272727,1.0892857142857142,0.7213114754098361,supercritical
298,12,61.0,44,46.0,1.0892857142857142,0.7213114754098361,1.0454545454545454,extinguished
298,13,44.0,46,64.0,0.7213114754098361,1.0454545454545454,1.391304347826087,equilibrium
298,14,46.0,64,45.0,1.0454545454545454,1.391304347826087,0.703125,supercritical
298,15,64.0,45,46.0,1.391304347826087,0.703125,1.022222222222222,extinguished
298,16,45.0,46,45.0,0.703125,1.022222222222222,0.9782608695652174,equilibrium
298,17,46.0,45,55.0,1.022222222222222,0.9782608695652174,1.2222222222222223,equilibrium
298,18,45.0,55,53.0,0.9782608695652174,1.2222222222222223,0.9636363636363636,supercritical
298,19,55.0,53,-1.0,1.2222222222222223,0.9636363636363636,-1.0,equilibrium
299,0,-1.0,5,11.0,-1.0,-1.0,2.2,initial
299,1,5.0,11,17.0,-1.0,2.2,1.5454545454545454,supercritical
299,2,11.0,17,27.0,2.2,1.5454545454545454,1.588235294117647,supercritical
299,3,17.0,27,50.0,1.5454545454545454,1.588235294117647,1.851851851851852,supercritical
299,4,27.0,50,52.0,1.588235294117647,1.851851851851852,1.04,supercritical
299,5,50.0,52,55.0,1.851851851851852,1.04,1.0576923076923077,equilibrium
299,6,52.0,55,44.0,1.04,1.0576923076923077,0.8,supercritical
299,7,55.0,44,46.0,1.0576923076923077,0.8,1.0454545454545454,extinguished
299,8,44.0,46,40.0,0.8,1.0454545454545454,0.8695652173913043,equilibrium
299,9,46.0,40,67.0,1.0454545454545454,0.8695652173913043,1.675,extinguished
299,10,40.0,67,35.0,0.8695652173913043,1.675,0.5223880597014925,supercritical
299,11,67.0,35,48.0,1.675,0.5223880597014925,1.3714285714285714,extinguished
299,12,35.0,48,61.0,0.5223880597014925,1.3714285714285714,1.2708333333333333,supercritical
299,13,48.0,61,62.0,1.3714285714285714,1.2708333333333333,1.0163934426229508,supercritical
299,14,61.0,62,59.0,1.2708333333333333,1.0163934426229508,0.9516129032258064,equilibrium
299,15,62.0,59,30.0,1.0163934426229508,0.9516129032258064,0.5084745762711864,equilibrium
299,16,59.0,30,48.0,0.9516129032258064,0.5084745762711864,1.6,extinguished
299,17,30.0,48,52.0,0.5084745762711864,1.6,1.0833333333333333,supercritical
299,18,48.0,52,48.0,1.6,1.0833333333333333,0.9230769230769232,supercritical
299,19,52.0,48,-1.0,1.0833333333333333,0.9230769230769232,-1.0,extinguished
300,0,-1.0,4,11.0,-1.0,-1.0,2.75,initial
300,1,4.0,11,19.0,-1.0,2.75,1.7272727272727273,supercritical
300,2,11.0,19,32.0,2.75,1.7272727272727273,1.6842105263157894,supercritical
300,3,19.0,32,45.0,1.7272727272727273,1.6842105263157894,1.40625,supercritical
300,4,32.0,45,40.0,1.6842105263157894,1.40625,0.8888888888888888,supercritical
300,5,45.0,40,53.0,1.40625,0.8888888888888888,1.325,extinguished
300,6,40.0,53,32.0,0.8888888888888888,1.325,0.6037735849056604,supercritical
300,7,53.0,32,41.0,1.325,0.6037735849056604,1.28125,extinguished
300,8,32.0,41,38.0,0.6037735849056604,1.28125,0.926829268292683,supercritical
300,9,41.0,38,37.0,1.28125,0.926829268292683,0.9736842105263158,extinguished
300,10,38.0,37,54.0,0.926829268292683,0.9736842105263158,1.4594594594594594,equilibrium
300,11,37.0,54,82.0,0.9736842105263158,1.4594594594594594,1.5185185185185186,supercritical
300,12,54.0,82,52.0,1.4594594594594594,1.5185185185185186,0.6341463414634146,supercritical
300,13,82.0,52,51.0,1.5185185185185186,0.6341463414634146,0.9807692307692308,extinguished
300,14,52.0,51,40.0,0.6341463414634146,0.9807692307692308,0.7843137254901961,equilibrium
300,15,51.0,40,57.0,0.9807692307692308,0.7843137254901961,1.425,extinguished
300,16,40.0,57,75.0,0.7843137254901961,1.425,1.3157894736842106,supercritical
300,17,57.0,75,31.0,1.425,1.3157894736842106,0.4133333333333333,supercritical
300,18,75.0,31,45.0,1.3157894736842106,0.4133333333333333,1.4516129032258065,extinguished
300,19,31.0,45,-1.0,0.4133333333333333,1.4516129032258065,-1.0,supercritical
301,0,-1.0,2,6.0,-1.0,-1.0,3.0,initial
301,1,2.0,6,10.0,-1.0,3.0,1.6666666666666667,supercritical
301,2,6.0,10,21.0,3.0,1.6666666666666667,2.1,supercritical
301,3,10.0,21,29.0,1.6666666666666667,2.1,1.380952380952381,supercritical
301,4,21.0,29,41.0,2.1,1.380952380952381,1.4137931034482758,supercritical
301,5,29.0,41,41.0,1.380952380952381,1.4137931034482758,1.0,supercritical
301,6,41.0,41,39.0,1.4137931034482758,1.0,0.951219512195122,equilibrium
301,7,41.0,39,37.0,1.0,0.951219512195122,0.9487179487179488,equilibrium
301,8,39.0,37,45.0,0.951219512195122,0.9487179487179488,1.2162162162162162,extinguished
301,9,37.0,45,49.0,0.9487179487179488,1.2162162162162162,1.0888888888888888,supercritical
301,10,45.0,49,62.0,1.2162162162162162,1.0888888888888888,1.2653061224489797,supercritical
301,11,49.0,62,45.0,1.0888888888888888,1.2653061224489797,0.7258064516129032,supercritical
301,12,62.0,45,74.0,1.2653061224489797,0.7258064516129032,1.6444444444444444,extinguished
301,13,45.0,74,45.0,0.7258064516129032,1.6444444444444444,0.6081081081081081,supercritical
301,14,74.0,45,45.0,1.6444444444444444,0.6081081081081081,1.0,extinguished
301,15,45.0,45,49.0,0.6081081081081081,1.0,1.0888888888888888,equilibrium
301,16,45.0,49,56.0,1.0,1.0888888888888888,1.1428571428571428,supercritical
301,17,49.0,56,72.0,1.0888888888888888,1.1428571428571428,1.2857142857142858,supercritical
301,18,56.0,72,42.0,1.1428571428571428,1.2857142857142858,0.5833333333333334,supercritical
301,19,72.0,42,-1.0,1.2857142857142858,0.5833333333333334,-1.0,extinguished
302,0,-1.0,4,6.0,-1.0,-1.0,1.5,initial
302,1,4.0,6,6.0,-1.0,1.5,1.0,supercritical
302,2,6.0,6,12.0,1.5,1.0,2.0,equilibrium
302,3,6.0,12,18.0,1.0,2.0,1.5,supercritical
302,4,12.0,18,29.0,2.0,1.5,1.6111111111111112,supercritical
302,5,18.0,29,42.0,1.5,1.6111111111111112,1.4482758620689655,supercritical
302,6,29.0,42,47.0,1.6111111111111112,1.4482758620689655,1.119047619047619,supercritical
302,7,42.0,47,44.0,1.4482758620689655,1.119047619047619,0.9361702127659576,supercritical
302,8,47.0,44,48.0,1.119047619047619,0.9361702127659576,1.0909090909090908,extinguished
302,9,44.0,48,39.0,0.9361702127659576,1.0909090909090908,0.8125,supercritical
302,10,48.0,39,36.0,1.0909090909090908,0.8125,0.9230769230769232,extinguished
302,11,39.0,36,43.0,0.8125,0.9230769230769232,1.1944444444444444,extinguished
302,12,36.0,43,58.0,0.9230769230769232,1.1944444444444444,1.3488372093023255,supercritical
302,13,43.0,58,34.0,1.1944444444444444,1.3488372093023255,0.5862068965517241,supercritical
302,14,58.0,34,42.0,1.3488372093023255,0.5862068965517241,1.2352941176470589,extinguished
302,15,34.0,42,53.0,0.5862068965517241,1.2352941176470589,1.261904761904762,supercritical
302,16,42.0,53,34.0,1.2352941176470589,1.261904761904762,0.6415094339622641,supercritical
302,17,53.0,34,41.0,1.261904761904762,0.6415094339622641,1.2058823529411764,extinguished
302,18,34.0,41,42.0,0.6415094339622641,1.2058823529411764,1.024390243902439,supercritical
302,19,41.0,42,-1.0,1.2058823529411764,1.024390243902439,-1.0,equilibrium
303,0,-1.0,3,4.0,-1.0,-1.0,1.3333333333333333,initial
303,1,3.0,4,9.0,-1.0,1.3333333333333333,2.25,supercritical
303,2,4.0,9,14.0,1.3333333333333333,2.25,1.5555555555555556,supercritical
303,3,9.0,14,13.0,2.25,1.5555555555555556,0.9285714285714286,supercritical
303,4,14.0,13,19.0,1.5555555555555556,0.9285714285714286,1.4615384615384617,extinguished
303,5,13.0,19,26.0,0.9285714285714286,1.4615384615384617,1.368421052631579,supercritical
303,6,19.0,26,48.0,1.4615384615384617,1.368421052631579,1.8461538461538465,supercritical
303,7,26.0,48,66.0,1.368421052631579,1.8461538461538465,1.375,supercritical
303,8,48.0,66,43.0,1.8461538461538465,1.375,0.6515151515151515,supercritical
303,9,66.0,43,36.0,1.375,0.6515151515151515,0.8372093023255814,extinguished
303,10,43.0,36,58.0,0.6515151515151515,0.8372093023255814,1.6111111111111112,extinguished
303,11,36.0,58,43.0,0.8372093023255814,1.6111111111111112,0.7413793103448276,supercritical
303,12,58.0,43,55.0,1.6111111111111112,0.7413793103448276,1.2790697674418603,extinguished
303,13,43.0,55,45.0,0.7413793103448276,1.2790697674418603,0.8181818181818182,supercritical
303,14,55.0,45,57.0,1.2790697674418603,0.8181818181818182,1.2666666666666666,extinguished
303,15,45.0,57,59.0,0.8181818181818182,1.2666666666666666,1.0350877192982455,supercritical
303,16,57.0,59,43.0,1.2666666666666666,1.0350877192982455,0.7288135593220338,equilibrium
303,17,59.0,43,50.0,1.0350877192982455,0.7288135593220338,1.162790697674419,extinguished
303,18,43.0,50,47.0,0.7288135593220338,1.162790697674419,0.94,supercritical
303,19,50.0,47,-1.0,1.162790697674419,0.94,-1.0,extinguished
304,0,-1.0,4,6.0,-1.0,-1.0,1.5,initial
304,1,4.0,6,8.0,-1.0,1.5,1.3333333333333333,supercritical
304,2,6.0,8,25.0,1.5,1.3333333333333333,3.125,supercritical
304,3,8.0,25,25.0,1.3333333333333333,3.125,1.0,supercritical
304,4,25.0,25,40.0,3.125,1.0,1.6,equilibrium
304,5,25.0,40,51.0,1.0,1.6,1.275,supercritical
304,6,40.0,51,68.0,1.6,1.275,1.3333333333333333,supercritical
304,7,51.0,68,42.0,1.275,1.3333333333333333,0.6176470588235294,supercritical
304,8,68.0,42,27.0,1.3333333333333333,0.6176470588235294,0.6428571428571429,extinguished
304,9,42.0,27,40.0,0.6176470588235294,0.6428571428571429,1.4814814814814814,extinguished
304,10,27.0,40,46.0,0.6428571428571429,1.4814814814814814,1.15,supercritical
304,11,40.0,46,34.0,1.4814814814814814,1.15,0.7391304347826086,supercritical
304,12,46.0,34,48.0,1.15,0.7391304347826086,1.411764705882353,extinguished
304,13,34.0,48,40.0,0.7391304347826086,1.411764705882353,0.8333333333333334,supercritical
304,14,48.0,40,37.0,1.411764705882353,0.8333333333333334,0.925,extinguished
304,15,40.0,37,39.0,0.8333333333333334,0.925,1.054054054054054,extinguished
304,16,37.0,39,36.0,0.925,1.054054054054054,0.9230769230769232,supercritical
304,17,39.0,36,40.0,1.054054054054054,0.9230769230769232,1.1111111111111112,extinguished
304,18,36.0,40,38.0,0.9230769230769232,1.1111111111111112,0.95,supercritical
304,19,40.0,38,-1.0,1.1111111111111112,0.95,-1.0,equilibrium
305,0,-1.0,2,0.0,-1.0,-1.0,0.0,initial
305,1,2.0,0,0.0,-1.0,0.0,0.0,extinguished
305,2,0.0,0,0.0,0.0,0.0,0.0,extinguished
305,3,0.0,0,0.0,0.0,0.0,0.0,extinguished
305,4,0.0,0,0.0,0.0,0.0,0.0,extinguished
305,5,0.0,0,0.0,0.0,0.0,0.0,extinguished
305,6,0.0,0,0.0,0.0,0.0,0.0,extinguished
305,7,0.0,0,0.0,0.0,0.0,0.0,extinguished
305,8,0.0,0,0.0,0.0,0.0,0.0,extinguished
305,9,0.0,0,0.0,0.0,0.0,0.0,extinguished
305,10,0.0,0,0.0,0.0,0.0,0.0,extinguished
305,11,0.0,0,0.0,0.0,0.0,0.0,extinguished
305,12,0.0,0,0.0,0.0,0.0,0.0,extinguished
305,13,0.0,0,0.0,0.0,0.0,0.0,extinguished
305,14,0.0,0,0.0,0.0,0.0,0.0,extinguished
305,15,0.0,0,0.0,0.0,0.0,0.0,extinguished
305,16,0.0,0,0.0,0.0,0.0,0.0,extinguished
305,17,0.0,0,0.0,0.0,0.0,0.0,extinguished
305,18,0.0,0,0.0,0.0,0.0,0.0,extinguished
305,19,0.0,0,-1.0,0.0,0.0,-1.0,extinguished
306,0,-1.0,1,1.0,-1.0,-1.0,1.0,initial
306,1,1.0,1,6.0,-1.0,1.0,6.0,equilibrium
306,2,1.0,6,9.0,1.0,6.0,1.5,supercritical
306,3,6.0,9,18.0,6.0,1.5,2.0,supercritical
306,4,9.0,18,16.0,1.5,2.0,0.8888888888888888,supercritical
306,5,18.0,16,19.0,2.0,0.8888888888888888,1.1875,extinguished
306,6,16.0,19,22.0,0.8888888888888888,1.1875,1.1578947368421053,supercritical
306,7,19.0,22,21.0,1.1875,1.1578947368421053,0.9545454545454546,supercritical
306,8,22.0,21,26.0,1.1578947368421053,0.9545454545454546,1.238095238095238,equilibrium
306,9,21.0,26,37.0,0.9545454545454546,1.238095238095238,1.4230769230769231,supercritical
306,10,26.0,37,33.0,1.238095238095238,1.4230769230769231,0.8918918918918919,supercritical
306,11,37.0,33,52.0,1.4230769230769231,0.8918918918918919,1.5757575757575757,extinguished
306,12,33.0,52,37.0,0.8918918918918919,1.5757575757575757,0.7115384615384616,supercritical
306,13,52.0,37,51.0,1.5757575757575757,0.7115384615384616,1.3783783783783785,extinguished
306,14,37.0,51,40.0,0.7115384615384616,1.3783783783783785,0.7843137254901961,supercritical
306,15,51.0,40,34.0,1.3783783783783785,0.7843137254901961,0.85,extinguished
306,16,40.0,34,43.0,0.7843137254901961,0.85,1.2647058823529411,extinguished
306,17,34.0,43,46.0,0.85,1.2647058823529411,1.069767441860465,supercritical
306,18,43.0,46,42.0,1.2647058823529411,1.069767441860465,0.9130434782608696,supercritical
306,19,46.0,42,-1.0,1.069767441860465,0.9130434782608696,-1.0,extinguished
307,0,-1.0,5,11.0,-1.0,-1.0,2.2,initial
307,1,5.0,11,21.0,-1.0,2.2,1.9090909090909087,supercritical
307,2,11.0,21,22.0,2.2,1.9090909090909087,1.0476190476190477,supercritical
307,3,21.0,22,34.0,1.9090909090909087,1.0476190476190477,1.5454545454545454,equilibrium
307,4,22.0,34,37.0,1.0476190476190477,1.5454545454545454,1.088235294117647,supercritical
307,5,34.0,37,47.0,1.5454545454545454,1.088235294117647,1.2702702702702702,supercritical
307,6,37.0,47,54.0,1.088235294117647,1.2702702702702702,1.148936170212766,supercritical
307,7,47.0,54,41.0,1.2702702702702702,1.148936170212766,0.7592592592592593,supercritical
307,8,54.0,41,48.0,1.148936170212766,0.7592592592592593,1.170731707317073,extinguished
307,9,41.0,48,35.0,0.7592592592592593,1.170731707317073,0.7291666666666666,supercritical
307,10,48.0,35,42.0,1.170731707317073,0.7291666666666666,1.2,extinguished
307,11,35.0,42,50.0,0.7291666666666666,1.2,1.1904761904761905,supercritical
307,12,42.0,50,37.0,1.2,1.1904761904761905,0.74,supercritical
307,13,50.0,37,45.0,1.1904761904761905,0.74,1.2162162162162162,extinguished
307,14,37.0,45,35.0,0.74,1.2162162162162162,0.7777777777777778,supercritical
307,15,45.0,35,54.0,1.2162162162162162,0.7777777777777778,1.542857142857143,extinguished
307,16,35.0,54,39.0,0.7777777777777778,1.542857142857143,0.7222222222222222,supercritical
307,17,54.0,39,28.0,1.542857142857143,0.7222222222222222,0.717948717948718,extinguished
307,18,39.0,28,38.0,0.7222222222222222,0.717948717948718,1.3571428571428572,extinguished
307,19,28.0,38,-1.0,0.717948717948718,1.3571428571428572,-1.0,supercritical
308,0,-1.0,5,8.0,-1.0,-1.0,1.6,initial
308,1,5.0,8,14.0,-1.0,1.6,1.75,supercritical
308,2,8.0,14,27.0,1.6,1.75,1.9285714285714288,supercritical
308,3,14.0,27,37.0,1.75,1.9285714285714288,1.3703703703703705,supercritical
308,4,27.0,37,39.0,1.9285714285714288,1.3703703703703705,1.054054054054054,supercritical
308,5,37.0,39,41.0,1.3703703703703705,1.054054054054054,1.051282051282051,supercritical
308,6,39.0,41,48.0,1.054054054054054,1.051282051282051,1.170731707317073,supercritical
308,7,41.0,48,42.0,1.051282051282051,1.170731707317073,0.875,supercritical
308,8,48.0,42,36.0,1.170731707317073,0.875,0.8571428571428571,extinguished
308,9,42.0,36,46.0,0.875,0.8571428571428571,1.2777777777777777,extinguished
308,10,36.0,46,47.0,0.8571428571428571,1.2777777777777777,1.0217391304347827,supercritical
308,11,46.0,47,48.0,1.2777777777777777,1.0217391304347827,1.0212765957446808,equilibrium
308,12,47.0,48,54.0,1.0217391304347827,1.0212765957446808,1.125,equilibrium
308,13,48.0,54,69.0,1.0212765957446808,1.125,1.2777777777777777,supercritical
308,14,54.0,69,54.0,1.125,1.2777777777777777,0.782608695652174,supercritical
308,15,69.0,54,50.0,1.2777777777777777,0.782608695652174,0.925925925925926,extinguished
308,16,54.0,50,42.0,0.782608695652174,0.925925925925926,0.84,extinguished
308,17,50.0,42,49.0,0.925925925925926,0.84,1.1666666666666667,extinguished
308,18,42.0,49,47.0,0.84,1.1666666666666667,0.9591836734693876,supercritical
308,19,49.0,47,-1.0,1.1666666666666667,0.9591836734693876,-1.0,equilibrium
309,0,-1.0,2,1.0,-1.0,-1.0,0.5,initial
309,1,2.0,1,2.0,-1.0,0.5,2.0,extinguished
309,2,1.0,2,4.0,0.5,2.0,2.0,supercritical
309,3,2.0,4,5.0,2.0,2.0,1.25,supercritical
309,4,4.0,5,11.0,2.0,1.25,2.2,supercritical
309,5,5.0,11,12.0,1.25,2.2,1.0909090909090908,supercritical
309,6,11.0,12,24.0,2.2,1.0909090909090908,2.0,supercritical
309,7,12.0,24,44.0,1.0909090909090908,2.0,1.8333333333333333,supercritical
309,8,24.0,44,54.0,2.0,1.8333333333333333,1.2272727272727273,supercritical
309,9,44.0,54,42.0,1.8333333333333333,1.2272727272727273,0.7777777777777778,supercritical
309,10,54.0,42,58.0,1.2272727272727273,0.7777777777777778,1.380952380952381,extinguished
309,11,42.0,58,36.0,0.7777777777777778,1.380952380952381,0.6206896551724138,supercritical
309,12,58.0,36,51.0,1.380952380952381,0.6206896551724138,1.4166666666666667,extinguished
309,13,36.0,51,45.0,0.6206896551724138,1.4166666666666667,0.8823529411764706,supercritical
309,14,51.0,45,43.0,1.4166666666666667,0.8823529411764706,0.9555555555555556,extinguished
309,15,45.0,43,40.0,0.8823529411764706,0.9555555555555556,0.9302325581395348,equilibrium
309,16,43.0,40,46.0,0.9555555555555556,0.9302325581395348,1.15,extinguished
309,17,40.0,46,51.0,0.9302325581395348,1.15,1.108695652173913,supercritical
309,18,46.0,51,49.0,1.15,1.108695652173913,0.9607843137254902,supercritical
309,19,51.0,49,-1.0,1.108695652173913,0.9607843137254902,-1.0,equilibrium
310,0,-1.0,3,6.0,-1.0,-1.0,2.0,initial
310,1,3.0,6,10.0,-1.0,2.0,1.6666666666666667,supercritical
310,2,6.0,10,16.0,2.0,1.6666666666666667,1.6,supercritical
310,3,10.0,16,16.0,1.6666666666666667,1.6,1.0,supercritical
310,4,16.0,16,17.0,1.6,1.0,1.0625,equilibrium
310,5,16.0,17,24.0,1.0,1.0625,1.411764705882353,supercritical
310,6,17.0,24,49.0,1.0625,1.411764705882353,2.0416666666666665,supercritical
310,7,24.0,49,65.0,1.411764705882353,2.0416666666666665,1.326530612244898,supercritical
310,8,49.0,65,36.0,2.0416666666666665,1.326530612244898,0.5538461538461539,supercritical
310,9,65.0,36,40.0,1.326530612244898,0.5538461538461539,1.1111111111111112,extinguished
310,10,36.0,40,48.0,0.5538461538461539,1.1111111111111112,1.2,supercritical
310,11,40.0,48,37.0,1.1111111111111112,1.2,0.7708333333333334,supercritical
310,12,48.0,37,36.0,1.2,0.7708333333333334,0.972972972972973,extinguished
310,13,37.0,36,40.0,0.7708333333333334,0.972972972972973,1.1111111111111112,equilibrium
310,14,36.0,40,57.0,0.972972972972973,1.1111111111111112,1.425,supercritical
310,15,40.0,57,64.0,1.1111111111111112,1.425,1.1228070175438596,supercritical
310,16,57.0,64,22.0,1.425,1.1228070175438596,0.34375,supercritical
310,17,64.0,22,23.0,1.1228070175438596,0.34375,1.0454545454545454,extinguished
310,18,22.0,23,29.0,0.34375,1.0454545454545454,1.2608695652173914,equilibrium
310,19,23.0,29,-1.0,1.0454545454545454,1.2608695652173914,-1.0,supercritical
311,0,-1.0,1,3.0,-1.0,-1.0,3.0,initial
311,1,1.0,3,2.0,-1.0,3.0,0.6666666666666666,supercritical
311,2,3.0,2,3.0,3.0,0.6666666666666666,1.5,extinguished
311,3,2.0,3,5.0,0.6666666666666666,1.5,1.6666666666666667,supercritical
311,4,3.0,5,12.0,1.5,1.6666666666666667,2.4,supercritical
311,5,5.0,12,19.0,1.6666666666666667,2.4,1.5833333333333333,supercritical
311,6,12.0,19,19.0,2.4,1.5833333333333333,1.0,supercritical
311,7,19.0,19,34.0,1.5833333333333333,1.0,1.7894736842105263,equilibrium
311,8,19.0,34,40.0,1.0,1.7894736842105263,1.1764705882352942,supercritical
311,9,34.0,40,51.0,1.7894736842105263,1.1764705882352942,1.275,supercritical
311,10,40.0,51,56.0,1.1764705882352942,1.275,1.0980392156862746,supercritical
311,11,51.0,56,67.0,1.275,1.0980392156862746,1.1964285714285714,supercritical
311,12,56.0,67,43.0,1.0980392156862746,1.1964285714285714,0.6417910447761194,supercritical
311,13,67.0,43,53.0,1.1964285714285714,0.6417910447761194,1.2325581395348837,extinguished
311,14,43.0,53,42.0,0.6417910447761194,1.2325581395348837,0.7924528301886793,supercritical
311,15,53.0,42,45.0,1.2325581395348837,0.7924528301886793,1.0714285714285714,extinguished
311,16,42.0,45,46.0,0.7924528301886793,1.0714285714285714,1.022222222222222,supercritical
311,17,45.0,46,54.0,1.0714285714285714,1.022222222222222,1.173913043478261,equilibrium
311,18,46.0,54,38.0,1.022222222222222,1.173913043478261,0.7037037037037037,supercritical
311,19,54.0,38,-1.0,1.173913043478261,0.7037037037037037,-1.0,extinguished
312,0,-1.0,2,0.0,-1.0,-1.0,0.0,initial
312,1,2.0,0,0.0,-1.0,0.0,0.0,extinguished
312,2,0.0,0,0.0,0.0,0.0,0.0,extinguished
312,3,0.0,0,0.0,0.0,0.0,0.0,extinguished
312,4,0.0,0,0.0,0.0,0.0,0.0,extinguished
312,5,0.0,0,0.0,0.0,0.0,0.0,extinguished
312,6,0.0,0,0.0,0.0,0.0,0.0,extinguished
312,7,0.0,0,0.0,0.0,0.0,0.0,extinguished
312,8,0.0,0,0.0,0.0,0.0,0.0,extinguished
312,9,0.0,0,0.0,0.0,0.0,0.0,extinguished
312,10,0.0,0,0.0,0.0,0.0,0.0,extinguished
312,11,0.0,0,0.0,0.0,0.0,0.0,extinguished
312,12,0.0,0,0.0,0.0,0.0,0.0,extinguished
312,13,0.0,0,0.0,0.0,0.0,0.0,extinguished
312,14,0.0,0,0.0,0.0,0.0,0.0,extinguished
312,15,0.0,0,0.0,0.0,0.0,0.0,extinguished
312,16,0.0,0,0.0,0.0,0.0,0.0,extinguished
312,17,0.0,0,0.0,0.0,0.0,0.0,extinguished
312,18,0.0,0,0.0,0.0,0.0,0.0,extinguished
312,19,0.0,0,-1.0,0.0,0.0,-1.0,extinguished
313,0,-1.0,1,2.0,-1.0,-1.0,2.0,initial
313,1,1.0,2,4.0,-1.0,2.0,2.0,supercritical
313,2,2.0,4,5.0,2.0,2.0,1.25,supercritical
313,3,4.0,5,8.0,2.0,1.25,1.6,supercritical
313,4,5.0,8,13.0,1.25,1.6,1.625,supercritical
313,5,8.0,13,24.0,1.6,1.625,1.8461538461538465,supercritical
313,6,13.0,24,40.0,1.625,1.8461538461538465,1.6666666666666667,supercritical
313,7,24.0,40,41.0,1.8461538461538465,1.6666666666666667,1.025,supercritical
313,8,40.0,41,55.0,1.6666666666666667,1.025,1.3414634146341464,equilibrium
313,9,41.0,55,58.0,1.025,1.3414634146341464,1.0545454545454545,supercritical
313,10,55.0,58,59.0,1.3414634146341464,1.0545454545454545,1.0172413793103448,supercritical
313,11,58.0,59,31.0,1.0545454545454545,1.0172413793103448,0.5254237288135594,equilibrium
313,12,59.0,31,40.0,1.0172413793103448,0.5254237288135594,1.2903225806451613,extinguished
313,13,31.0,40,38.0,0.5254237288135594,1.2903225806451613,0.95,supercritical
313,14,40.0,38,45.0,1.2903225806451613,0.95,1.1842105263157894,equilibrium
313,15,38.0,45,67.0,0.95,1.1842105263157894,1.488888888888889,supercritical
313,16,45.0,67,26.0,1.1842105263157894,1.488888888888889,0.3880597014925373,supercritical
313,17,67.0,26,39.0,1.488888888888889,0.3880597014925373,1.5,extinguished
313,18,26.0,39,38.0,0.3880597014925373,1.5,0.9743589743589745,supercritical
313,19,39.0,38,-1.0,1.5,0.9743589743589745,-1.0,equilibrium
314,0,-1.0,2,4.0,-1.0,-1.0,2.0,initial
314,1,2.0,4,2.0,-1.0,2.0,0.5,supercritical
314,2,4.0,2,1.0,2.0,0.5,0.5,extinguished
314,3,2.0,1,1.0,0.5,0.5,1.0,extinguished
314,4,1.0,1,2.0,0.5,1.0,2.0,equilibrium
314,5,1.0,2,4.0,1.0,2.0,2.0,supercritical
314,6,2.0,4,8.0,2.0,2.0,2.0,supercritical
314,7,4.0,8,14.0,2.0,2.0,1.75,supercritical
314,8,8.0,14,27.0,2.0,1.75,1.9285714285714288,supercritical
314,9,14.0,27,34.0,1.75,1.9285714285714288,1.2592592592592593,supercritical
314,10,27.0,34,42.0,1.9285714285714288,1.2592592592592593,1.2352941176470589,supercritical
314,11,34.0,42,40.0,1.2592592592592593,1.2352941176470589,0.9523809523809524,supercritical
314,12,42.0,40,51.0,1.2352941176470589,0.9523809523809524,1.275,equilibrium
314,13,40.0,51,50.0,0.9523809523809524,1.275,0.9803921568627452,supercritical
314,14,51.0,50,54.0,1.275,0.9803921568627452,1.08,equilibrium
314,15,50.0,54,51.0,0.9803921568627452,1.08,0.9444444444444444,supercritical
314,16,54.0,51,52.0,1.08,0.9444444444444444,1.0196078431372548,extinguished
314,17,51.0,52,39.0,0.9444444444444444,1.0196078431372548,0.75,equilibrium
314,18,52.0,39,41.0,1.0196078431372548,0.75,1.051282051282051,extinguished
314,19,39.0,41,-1.0,0.75,1.051282051282051,-1.0,supercritical
315,0,-1.0,5,16.0,-1.0,-1.0,3.2,initial
315,1,5.0,16,23.0,-1.0,3.2,1.4375,supercritical
315,2,16.0,23,59.0,3.2,1.4375,2.565217391304348,supercritical
315,3,23.0,59,40.0,1.4375,2.565217391304348,0.6779661016949152,supercritical
315,4,59.0,40,56.0,2.565217391304348,0.6779661016949152,1.4,extinguished
315,5,40.0,56,35.0,0.6779661016949152,1.4,0.625,supercritical
315,6,56.0,35,63.0,1.4,0.625,1.8,extinguished
315,7,35.0,63,45.0,0.625,1.8,0.7142857142857143,supercritical
315,8,63.0,45,57.0,1.8,0.7142857142857143,1.2666666666666666,extinguished
315,9,45.0,57,64.0,0.7142857142857143,1.2666666666666666,1.1228070175438596,supercritical
315,10,57.0,64,63.0,1.2666666666666666,1.1228070175438596,0.984375,supercritical
315,11,64.0,63,67.0,1.1228070175438596,0.984375,1.0634920634920637,equilibrium
315,12,63.0,67,48.0,0.984375,1.0634920634920637,0.7164179104477612,supercritical
315,13,67.0,48,62.0,1.0634920634920637,0.7164179104477612,1.2916666666666667,extinguished
315,14,48.0,62,59.0,0.7164179104477612,1.2916666666666667,0.9516129032258064,supercritical
315,15,62.0,59,76.0,1.2916666666666667,0.9516129032258064,1.2881355932203389,equilibrium
315,16,59.0,76,49.0,0.9516129032258064,1.2881355932203389,0.6447368421052632,supercritical
315,17,76.0,49,63.0,1.2881355932203389,0.6447368421052632,1.2857142857142858,extinguished
315,18,49.0,63,37.0,0.6447368421052632,1.2857142857142858,0.5873015873015873,supercritical
315,19,63.0,37,-1.0,1.2857142857142858,0.5873015873015873,-1.0,extinguished
316,0,-1.0,5,8.0,-1.0,-1.0,1.6,initial
316,1,5.0,8,10.0,-1.0,1.6,1.25,supercritical
316,2,8.0,10,15.0,1.6,1.25,1.5,supercritical
316,3,10.0,15,31.0,1.25,1.5,2.066666666666667,supercritical
316,4,15.0,31,29.0,1.5,2.066666666666667,0.935483870967742,supercritical
316,5,31.0,29,40.0,2.066666666666667,0.935483870967742,1.3793103448275863,extinguished
316,6,29.0,40,40.0,0.935483870967742,1.3793103448275863,1.0,supercritical
316,7,40.0,40,61.0,1.3793103448275863,1.0,1.525,equilibrium
316,8,40.0,61,43.0,1.0,1.525,0.7049180327868853,supercritical
316,9,61.0,43,57.0,1.525,0.7049180327868853,1.3255813953488371,extinguished
316,10,43.0,57,54.0,0.7049180327868853,1.3255813953488371,0.9473684210526316,supercritical
316,11,57.0,54,36.0,1.3255813953488371,0.9473684210526316,0.6666666666666666,extinguished
316,12,54.0,36,46.0,0.9473684210526316,0.6666666666666666,1.2777777777777777,extinguished
316,13,36.0,46,52.0,0.6666666666666666,1.2777777777777777,1.1304347826086956,supercritical
316,14,46.0,52,32.0,1.2777777777777777,1.1304347826086956,0.6153846153846154,supercritical
316,15,52.0,32,34.0,1.1304347826086956,0.6153846153846154,1.0625,extinguished
316,16,32.0,34,37.0,0.6153846153846154,1.0625,1.088235294117647,supercritical
316,17,34.0,37,37.0,1.0625,1.088235294117647,1.0,supercritical
316,18,37.0,37,32.0,1.088235294117647,1.0,0.8648648648648649,equilibrium
316,19,37.0,32,-1.0,1.0,0.8648648648648649,-1.0,extinguished
317,0,-1.0,2,6.0,-1.0,-1.0,3.0,initial
317,1,2.0,6,12.0,-1.0,3.0,2.0,supercritical
317,2,6.0,12,13.0,3.0,2.0,1.0833333333333333,supercritical
317,3,12.0,13,26.0,2.0,1.0833333333333333,2.0,supercritical
317,4,13.0,26,34.0,1.0833333333333333,2.0,1.3076923076923077,supercritical
317,5,26.0,34,53.0,2.0,1.3076923076923077,1.5588235294117647,supercritical
317,6,34.0,53,59.0,1.3076923076923077,1.5588235294117647,1.1132075471698113,supercritical
317,7,53.0,59,48.0,1.5588235294117647,1.1132075471698113,0.8135593220338984,supercritical
317,8,59.0,48,52.0,1.1132075471698113,0.8135593220338984,1.0833333333333333,extinguished
317,9,48.0,52,54.0,0.8135593220338984,1.0833333333333333,1.0384615384615383,supercritical
317,10,52.0,54,47.0,1.0833333333333333,1.0384615384615383,0.8703703703703703,equilibrium
317,11,54.0,47,35.0,1.0384615384615383,0.8703703703703703,0.7446808510638298,extinguished
317,12,47.0,35,37.0,0.8703703703703703,0.7446808510638298,1.0571428571428572,extinguished
317,13,35.0,37,65.0,0.7446808510638298,1.0571428571428572,1.7567567567567568,supercritical
317,14,37.0,65,53.0,1.0571428571428572,1.7567567567567568,0.8153846153846154,supercritical
317,15,65.0,53,53.0,1.7567567567567568,0.8153846153846154,1.0,extinguished
317,16,53.0,53,46.0,0.8153846153846154,1.0,0.8679245283018868,equilibrium
317,17,53.0,46,58.0,1.0,0.8679245283018868,1.2608695652173914,extinguished
317,18,46.0,58,38.0,0.8679245283018868,1.2608695652173914,0.6551724137931034,supercritical
317,19,58.0,38,-1.0,1.2608695652173914,0.6551724137931034,-1.0,extinguished
318,0,-1.0,2,5.0,-1.0,-1.0,2.5,initial
318,1,2.0,5,8.0,-1.0,2.5,1.6,supercritical
318,2,5.0,8,11.0,2.5,1.6,1.375,supercritical
318,3,8.0,11,20.0,1.6,1.375,1.818181818181818,supercritical
318,4,11.0,20,30.0,1.375,1.818181818181818,1.5,supercritical
318,5,20.0,30,40.0,1.818181818181818,1.5,1.3333333333333333,supercritical
318,6,30.0,40,35.0,1.5,1.3333333333333333,0.875,supercritical
318,7,40.0,35,33.0,1.3333333333333333,0.875,0.9428571428571428,extinguished
318,8,35.0,33,41.0,0.875,0.9428571428571428,1.2424242424242424,extinguished
318,9,33.0,41,38.0,0.9428571428571428,1.2424242424242424,0.926829268292683,supercritical
318,10,41.0,38,49.0,1.2424242424242424,0.926829268292683,1.2894736842105263,extinguished
318,11,38.0,49,50.0,0.926829268292683,1.2894736842105263,1.020408163265306,supercritical
318,12,49.0,50,49.0,1.2894736842105263,1.020408163265306,0.98,equilibrium
318,13,50.0,49,48.0,1.020408163265306,0.98,0.979591836734694,equilibrium
318,14,49.0,48,57.0,0.98,0.979591836734694,1.1875,equilibrium
318,15,48.0,57,42.0,0.979591836734694,1.1875,0.7368421052631579,supercritical
318,16,57.0,42,28.0,1.1875,0.7368421052631579,0.6666666666666666,extinguished
318,17,42.0,28,37.0,0.7368421052631579,0.6666666666666666,1.3214285714285714,extinguished
318,18,28.0,37,27.0,0.6666666666666666,1.3214285714285714,0.7297297297297297,supercritical
318,19,37.0,27,-1.0,1.3214285714285714,0.7297297297297297,-1.0,extinguished
319,0,-1.0,4,3.0,-1.0,-1.0,0.75,initial
319,1,4.0,3,9.0,-1.0,0.75,3.0,extinguished
319,2,3.0,9,13.0,0.75,3.0,1.4444444444444444,supercritical
319,3,9.0,13,16.0,3.0,1.4444444444444444,1.2307692307692308,supercritical
319,4,13.0,16,22.0,1.4444444444444444,1.2307692307692308,1.375,supercritical
319,5,16.0,22,28.0,1.2307692307692308,1.375,1.2727272727272727,supercritical
319,6,22.0,28,50.0,1.375,1.2727272727272727,1.7857142857142858,supercritical
319,7,28.0,50,45.0,1.2727272727272727,1.7857142857142858,0.9,supercritical
319,8,50.0,45,49.0,1.7857142857142858,0.9,1.0888888888888888,extinguished
319,9,45.0,49,30.0,0.9,1.0888888888888888,0.6122448979591837,supercritical
319,10,49.0,30,42.0,1.0888888888888888,0.6122448979591837,1.4,extinguished
319,11,30.0,42,41.0,0.6122448979591837,1.4,0.9761904761904762,supercritical
319,12,42.0,41,53.0,1.4,0.9761904761904762,1.2926829268292683,equilibrium
319,13,41.0,53,38.0,0.9761904761904762,1.2926829268292683,0.7169811320754716,supercritical
319,14,53.0,38,32.0,1.2926829268292683,0.7169811320754716,0.8421052631578947,extinguished
319,15,38.0,32,48.0,0.7169811320754716,0.8421052631578947,1.5,extinguished
319,16,32.0,48,49.0,0.8421052631578947,1.5,1.0208333333333333,supercritical
319,17,48.0,49,32.0,1.5,1.0208333333333333,0.6530612244897959,equilibrium
319,18,49.0,32,34.0,1.0208333333333333,0.6530612244897959,1.0625,extinguished
319,19,32.0,34,-1.0,0.6530612244897959,1.0625,-1.0,supercritical
320,0,-1.0,4,11.0,-1.0,-1.0,2.75,initial
320,1,4.0,11,17.0,-1.0,2.75,1.5454545454545454,supercritical
320,2,11.0,17,37.0,2.75,1.5454545454545454,2.176470588235294,supercritical
320,3,17.0,37,46.0,1.5454545454545454,2.176470588235294,1.2432432432432432,supercritical
320,4,37.0,46,47.0,2.176470588235294,1.2432432432432432,1.0217391304347827,supercritical
320,5,46.0,47,50.0,1.2432432432432432,1.0217391304347827,1.0638297872340423,equilibrium
320,6,47.0,50,47.0,1.0217391304347827,1.0638297872340423,0.94,supercritical
320,7,50.0,47,49.0,1.0638297872340423,0.94,1.0425531914893618,extinguished
320,8,47.0,49,45.0,0.94,1.0425531914893618,0.9183673469387756,equilibrium
320,9,49.0,45,49.0,1.0425531914893618,0.9183673469387756,1.0888888888888888,extinguished
320,10,45.0,49,65.0,0.9183673469387756,1.0888888888888888,1.326530612244898,supercritical
320,11,49.0,65,26.0,1.0888888888888888,1.326530612244898,0.4,supercritical
320,12,65.0,26,48.0,1.326530612244898,0.4,1.8461538461538465,extinguished
320,13,26.0,48,62.0,0.4,1.8461538461538465,1.2916666666666667,supercritical
320,14,48.0,62,60.0,1.8461538461538465,1.2916666666666667,0.967741935483871,supercritical
320,15,62.0,60,90.0,1.2916666666666667,0.967741935483871,1.5,equilibrium
320,16,60.0,90,9.0,0.967741935483871,1.5,0.1,supercritical
320,17,90.0,9,12.0,1.5,0.1,1.3333333333333333,extinguished
320,18,9.0,12,35.0,0.1,1.3333333333333333,2.9166666666666665,supercritical
320,19,12.0,35,-1.0,1.3333333333333333,2.9166666666666665,-1.0,supercritical
321,0,-1.0,5,7.0,-1.0,-1.0,1.4,initial
321,1,5.0,7,5.0,-1.0,1.4,0.7142857142857143,supercritical
321,2,7.0,5,11.0,1.4,0.7142857142857143,2.2,extinguished
321,3,5.0,11,12.0,0.7142857142857143,2.2,1.0909090909090908,supercritical
321,4,11.0,12,23.0,2.2,1.0909090909090908,1.9166666666666667,supercritical
321,5,12.0,23,22.0,1.0909090909090908,1.9166666666666667,0.9565217391304348,supercritical
321,6,23.0,22,45.0,1.9166666666666667,0.9565217391304348,2.0454545454545454,equilibrium
321,7,22.0,45,52.0,0.9565217391304348,2.0454545454545454,1.1555555555555554,supercritical
321,8,45.0,52,41.0,2.0454545454545454,1.1555555555555554,0.7884615384615384,supercritical
321,9,52.0,41,45.0,1.1555555555555554,0.7884615384615384,1.0975609756097562,extinguished
321,10,41.0,45,30.0,0.7884615384615384,1.0975609756097562,0.6666666666666666,supercritical
321,11,45.0,30,49.0,1.0975609756097562,0.6666666666666666,1.6333333333333333,extinguished
321,12,30.0,49,62.0,0.6666666666666666,1.6333333333333333,1.2653061224489797,supercritical
321,13,49.0,62,52.0,1.6333333333333333,1.2653061224489797,0.8387096774193549,supercritical
321,14,62.0,52,43.0,1.2653061224489797,0.8387096774193549,0.8269230769230769,extinguished
321,15,52.0,43,38.0,0.8387096774193549,0.8269230769230769,0.8837209302325582,extinguished
321,16,43.0,38,45.0,0.8269230769230769,0.8837209302325582,1.1842105263157894,extinguished
321,17,38.0,45,43.0,0.8837209302325582,1.1842105263157894,0.9555555555555556,supercritical
321,18,45.0,43,47.0,1.1842105263157894,0.9555555555555556,1.0930232558139534,equilibrium
321,19,43.0,47,-1.0,0.9555555555555556,1.0930232558139534,-1.0,supercritical
322,0,-1.0,3,8.0,-1.0,-1.0,2.6666666666666665,initial
322,1,3.0,8,11.0,-1.0,2.6666666666666665,1.375,supercritical
322,2,8.0,11,24.0,2.6666666666666665,1.375,2.1818181818181817,supercritical
322,3,11.0,24,27.0,1.375,2.1818181818181817,1.125,supercritical
322,4,24.0,27,55.0,2.1818181818181817,1.125,2.037037037037037,supercritical
322,5,27.0,55,66.0,1.125,2.037037037037037,1.2,supercritical
322,6,55.0,66,46.0,2.037037037037037,1.2,0.696969696969697,supercritical
322,7,66.0,46,51.0,1.2,0.696969696969697,1.108695652173913,extinguished
322,8,46.0,51,61.0,0.696969696969697,1.108695652173913,1.196078431372549,supercritical
322,9,51.0,61,46.0,1.108695652173913,1.196078431372549,0.7540983606557377,supercritical
322,10,61.0,46,55.0,1.196078431372549,0.7540983606557377,1.1956521739130437,extinguished
322,11,46.0,55,68.0,0.7540983606557377,1.1956521739130437,1.2363636363636363,supercritical
322,12,55.0,68,62.0,1.1956521739130437,1.2363636363636363,0.9117647058823528,supercritical
322,13,68.0,62,60.0,1.2363636363636363,0.9117647058823528,0.967741935483871,extinguished
322,14,62.0,60,47.0,0.9117647058823528,0.967741935483871,0.7833333333333333,equilibrium
322,15,60.0,47,61.0,0.967741935483871,0.7833333333333333,1.297872340425532,extinguished
322,16,47.0,61,73.0,0.7833333333333333,1.297872340425532,1.1967213114754098,supercritical
322,17,61.0,73,56.0,1.297872340425532,1.1967213114754098,0.7671232876712328,supercritical
322,18,73.0,56,62.0,1.1967213114754098,0.7671232876712328,1.1071428571428572,extinguished
322,19,56.0,62,-1.0,0.7671232876712328,1.1071428571428572,-1.0,supercritical
323,0,-1.0,2,2.0,-1.0,-1.0,1.0,initial
323,1,2.0,2,6.0,-1.0,1.0,3.0,equilibrium
323,2,2.0,6,17.0,1.0,3.0,2.833333333333333,supercritical
323,3,6.0,17,36.0,3.0,2.833333333333333,2.117647058823529,supercritical
323,4,17.0,36,64.0,2.833333333333333,2.117647058823529,1.7777777777777777,supercritical
323,5,36.0,64,70.0,2.117647058823529,1.7777777777777777,1.09375,supercritical
323,6,64.0,70,39.0,1.7777777777777777,1.09375,0.5571428571428572,supercritical
323,7,70.0,39,46.0,1.09375,0.5571428571428572,1.1794871794871795,extinguished
323,8,39.0,46,32.0,0.5571428571428572,1.1794871794871795,0.6956521739130435,supercritical
323,9,46.0,32,41.0,1.1794871794871795,0.6956521739130435,1.28125,extinguished
323,10,32.0,41,58.0,0.6956521739130435,1.28125,1.4146341463414631,supercritical
323,11,41.0,58,37.0,1.28125,1.4146341463414631,0.6379310344827587,supercritical
323,12,58.0,37,55.0,1.4146341463414631,0.6379310344827587,1.4864864864864864,extinguished
323,13,37.0,55,41.0,0.6379310344827587,1.4864864864864864,0.7454545454545455,supercritical
323,14,55.0,41,41.0,1.4864864864864864,0.7454545454545455,1.0,extinguished
323,15,41.0,41,56.0,0.7454545454545455,1.0,1.3658536585365857,equilibrium
323,16,41.0,56,45.0,1.0,1.3658536585365857,0.8035714285714286,supercritical
323,17,56.0,45,40.0,1.3658536585365857,0.8035714285714286,0.8888888888888888,extinguished
323,18,45.0,40,47.0,0.8035714285714286,0.8888888888888888,1.175,extinguished
323,19,40.0,47,-1.0,0.8888888888888888,1.175,-1.0,supercritical
324,0,-1.0,4,11.0,-1.0,-1.0,2.75,initial
324,1,4.0,11,25.0,-1.0,2.75,2.272727272727273,supercritical
324,2,11.0,25,33.0,2.75,2.272727272727273,1.32,supercritical
324,3,25.0,33,84.0,2.272727272727273,1.32,2.5454545454545454,supercritical
324,4,33.0,84,21.0,1.32,2.5454545454545454,0.25,supercritical
324,5,84.0,21,30.0,2.5454545454545454,0.25,1.4285714285714286,extinguished
324,6,21.0,30,38.0,0.25,1.4285714285714286,1.2666666666666666,supercritical
324,7,30.0,38,46.0,1.4285714285714286,1.2666666666666666,1.2105263157894737,supercritical
324,8,38.0,46,43.0,1.2666666666666666,1.2105263157894737,0.9347826086956522,supercritical
324,9,46.0,43,47.0,1.2105263157894737,0.9347826086956522,1.0930232558139534,extinguished
324,10,43.0,47,62.0,0.9347826086956522,1.0930232558139534,1.319148936170213,supercritical
324,11,47.0,62,27.0,1.0930232558139534,1.319148936170213,0.4354838709677419,supercritical
324,12,62.0,27,45.0,1.319148936170213,0.4354838709677419,1.6666666666666667,extinguished
324,13,27.0,45,53.0,0.4354838709677419,1.6666666666666667,1.1777777777777778,supercritical
324,14,45.0,53,45.0,1.6666666666666667,1.1777777777777778,0.8490566037735849,supercritical
324,15,53.0,45,84.0,1.1777777777777778,0.8490566037735849,1.8666666666666667,extinguished
324,16,45.0,84,25.0,0.8490566037735849,1.8666666666666667,0.2976190476190476,supercritical
324,17,84.0,25,41.0,1.8666666666666667,0.2976190476190476,1.64,extinguished
324,18,25.0,41,22.0,0.2976190476190476,1.64,0.5365853658536586,supercritical
324,19,41.0,22,-1.0,1.64,0.5365853658536586,-1.0,extinguished
325,0,-1.0,2,10.0,-1.0,-1.0,5.0,initial
325,1,2.0,10,12.0,-1.0,5.0,1.2,supercritical
325,2,10.0,12,23.0,5.0,1.2,1.9166666666666667,supercritical
325,3,12.0,23,37.0,1.2,1.9166666666666667,1.608695652173913,supercritical
325,4,23.0,37,50.0,1.9166666666666667,1.608695652173913,1.351351351351351,supercritical
325,5,37.0,50,50.0,1.608695652173913,1.351351351351351,1.0,supercritical
325,6,50.0,50,51.0,1.351351351351351,1.0,1.02,equilibrium
325,7,50.0,51,58.0,1.0,1.02,1.1372549019607845,equilibrium
325,8,51.0,58,48.0,1.02,1.1372549019607845,0.8275862068965517,supercritical
325,9,58.0,48,52.0,1.1372549019607845,0.8275862068965517,1.0833333333333333,extinguished
325,10,48.0,52,64.0,0.8275862068965517,1.0833333333333333,1.2307692307692308,supercritical
325,11,52.0,64,48.0,1.0833333333333333,1.2307692307692308,0.75,supercritical
325,12,64.0,48,52.0,1.2307692307692308,0.75,1.0833333333333333,extinguished
325,13,48.0,52,52.0,0.75,1.0833333333333333,1.0,supercritical
325,14,52.0,52,62.0,1.0833333333333333,1.0,1.1923076923076923,equilibrium
325,15,52.0,62,54.0,1.0,1.1923076923076923,0.8709677419354839,supercritical
325,16,62.0,54,44.0,1.1923076923076923,0.8709677419354839,0.8148148148148148,extinguished
325,17,54.0,44,56.0,0.8709677419354839,0.8148148148148148,1.2727272727272727,extinguished
325,18,44.0,56,56.0,0.8148148148148148,1.2727272727272727,1.0,supercritical
325,19,56.0,56,-1.0,1.2727272727272727,1.0,-1.0,equilibrium
326,0,-1.0,3,7.0,-1.0,-1.0,2.333333333333333,initial
326,1,3.0,7,11.0,-1.0,2.333333333333333,1.5714285714285714,supercritical
326,2,7.0,11,22.0,2.333333333333333,1.5714285714285714,2.0,supercritical
326,3,11.0,22,41.0,1.5714285714285714,2.0,1.8636363636363635,supercritical
326,4,22.0,41,51.0,2.0,1.8636363636363635,1.2439024390243902,supercritical
326,5,41.0,51,58.0,1.8636363636363635,1.2439024390243902,1.1372549019607845,supercritical
326,6,51.0,58,30.0,1.2439024390243902,1.1372549019607845,0.5172413793103449,supercritical
326,7,58.0,30,49.0,1.1372549019607845,0.5172413793103449,1.6333333333333333,extinguished
326,8,30.0,49,35.0,0.5172413793103449,1.6333333333333333,0.7142857142857143,supercritical
326,9,49.0,35,49.0,1.6333333333333333,0.7142857142857143,1.4,extinguished
326,10,35.0,49,47.0,0.7142857142857143,1.4,0.9591836734693876,supercritical
326,11,49.0,47,62.0,1.4,0.9591836734693876,1.319148936170213,equilibrium
326,12,47.0,62,42.0,0.9591836734693876,1.319148936170213,0.6774193548387096,supercritical
326,13,62.0,42,30.0,1.319148936170213,0.6774193548387096,0.7142857142857143,extinguished
326,14,42.0,30,44.0,0.6774193548387096,0.7142857142857143,1.4666666666666666,extinguished
326,15,30.0,44,46.0,0.7142857142857143,1.4666666666666666,1.0454545454545454,supercritical
326,16,44.0,46,56.0,1.4666666666666666,1.0454545454545454,1.2173913043478262,equilibrium
326,17,46.0,56,69.0,1.0454545454545454,1.2173913043478262,1.2321428571428572,supercritical
326,18,56.0,69,45.0,1.2173913043478262,1.2321428571428572,0.6521739130434783,supercritical
326,19,69.0,45,-1.0,1.2321428571428572,0.6521739130434783,-1.0,extinguished
327,0,-1.0,2,1.0,-1.0,-1.0,0.5,initial
327,1,2.0,1,3.0,-1.0,0.5,3.0,extinguished
327,2,1.0,3,9.0,0.5,3.0,3.0,supercritical
327,3,3.0,9,21.0,3.0,3.0,2.333333333333333,supercritical
327,4,9.0,21,19.0,3.0,2.333333333333333,0.9047619047619048,supercritical
327,5,21.0,19,27.0,2.333333333333333,0.9047619047619048,1.4210526315789471,extinguished
327,6,19.0,27,36.0,0.9047619047619048,1.4210526315789471,1.3333333333333333,supercritical
327,7,27.0,36,53.0,1.4210526315789471,1.3333333333333333,1.4722222222222223,supercritical
327,8,36.0,53,59.0,1.3333333333333333,1.4722222222222223,1.1132075471698113,supercritical
327,9,53.0,59,27.0,1.4722222222222223,1.1132075471698113,0.4576271186440678,supercritical
327,10,59.0,27,47.0,1.1132075471698113,0.4576271186440678,1.7407407407407407,extinguished
327,11,27.0,47,36.0,0.4576271186440678,1.7407407407407407,0.7659574468085106,supercritical
327,12,47.0,36,51.0,1.7407407407407407,0.7659574468085106,1.4166666666666667,extinguished
327,13,36.0,51,45.0,0.7659574468085106,1.4166666666666667,0.8823529411764706,supercritical
327,14,51.0,45,63.0,1.4166666666666667,0.8823529411764706,1.4,extinguished
327,15,45.0,63,68.0,0.8823529411764706,1.4,1.0793650793650793,supercritical
327,16,63.0,68,46.0,1.4,1.0793650793650793,0.6764705882352942,supercritical
327,17,68.0,46,41.0,1.0793650793650793,0.6764705882352942,0.8913043478260869,extinguished
327,18,46.0,41,55.0,0.6764705882352942,0.8913043478260869,1.3414634146341464,extinguished
327,19,41.0,55,-1.0,0.8913043478260869,1.3414634146341464,-1.0,supercritical
328,0,-1.0,2,6.0,-1.0,-1.0,3.0,initial
328,1,2.0,6,16.0,-1.0,3.0,2.6666666666666665,supercritical
328,2,6.0,16,29.0,3.0,2.6666666666666665,1.8125,supercritical
328,3,16.0,29,44.0,2.6666666666666665,1.8125,1.5172413793103448,supercritical
328,4,29.0,44,51.0,1.8125,1.5172413793103448,1.1590909090909092,supercritical
328,5,44.0,51,40.0,1.5172413793103448,1.1590909090909092,0.7843137254901961,supercritical
328,6,51.0,40,41.0,1.1590909090909092,0.7843137254901961,1.025,extinguished
328,7,40.0,41,55.0,0.7843137254901961,1.025,1.3414634146341464,equilibrium
328,8,41.0,55,59.0,1.025,1.3414634146341464,1.0727272727272728,supercritical
328,9,55.0,59,63.0,1.3414634146341464,1.0727272727272728,1.0677966101694916,supercritical
328,10,59.0,63,25.0,1.0727272727272728,1.0677966101694916,0.3968253968253968,supercritical
328,11,63.0,25,41.0,1.0677966101694916,0.3968253968253968,1.64,extinguished
328,12,25.0,41,51.0,0.3968253968253968,1.64,1.2439024390243902,supercritical
328,13,41.0,51,56.0,1.64,1.2439024390243902,1.0980392156862746,supercritical
328,14,51.0,56,43.0,1.2439024390243902,1.0980392156862746,0.7678571428571429,supercritical
328,15,56.0,43,57.0,1.0980392156862746,0.7678571428571429,1.3255813953488371,extinguished
328,16,43.0,57,37.0,0.7678571428571429,1.3255813953488371,0.6491228070175439,supercritical
328,17,57.0,37,53.0,1.3255813953488371,0.6491228070175439,1.4324324324324325,extinguished
328,18,37.0,53,62.0,0.6491228070175439,1.4324324324324325,1.169811320754717,supercritical
328,19,53.0,62,-1.0,1.4324324324324325,1.169811320754717,-1.0,supercritical
329,0,-1.0,5,8.0,-1.0,-1.0,1.6,initial
329,1,5.0,8,14.0,-1.0,1.6,1.75,supercritical
329,2,8.0,14,24.0,1.6,1.75,1.7142857142857142,supercritical
329,3,14.0,24,41.0,1.75,1.7142857142857142,1.7083333333333333,supercritical
329,4,24.0,41,29.0,1.7142857142857142,1.7083333333333333,0.7073170731707317,supercritical
329,5,41.0,29,33.0,1.7083333333333333,0.7073170731707317,1.137931034482759,extinguished
329,6,29.0,33,30.0,0.7073170731707317,1.137931034482759,0.9090909090909092,supercritical
329,7,33.0,30,62.0,1.137931034482759,0.9090909090909092,2.066666666666667,extinguished
329,8,30.0,62,56.0,0.9090909090909092,2.066666666666667,0.9032258064516128,supercritical
329,9,62.0,56,57.0,2.066666666666667,0.9032258064516128,1.0178571428571428,extinguished
329,10,56.0,57,54.0,0.9032258064516128,1.0178571428571428,0.9473684210526316,equilibrium
329,11,57.0,54,40.0,1.0178571428571428,0.9473684210526316,0.7407407407407407,extinguished
329,12,54.0,40,39.0,0.9473684210526316,0.7407407407407407,0.975,extinguished
329,13,40.0,39,54.0,0.7407407407407407,0.975,1.3846153846153846,equilibrium
329,14,39.0,54,60.0,0.975,1.3846153846153846,1.1111111111111112,supercritical
329,15,54.0,60,27.0,1.3846153846153846,1.1111111111111112,0.45,supercritical
329,16,60.0,27,41.0,1.1111111111111112,0.45,1.5185185185185186,extinguished
329,17,27.0,41,77.0,0.45,1.5185185185185186,1.8780487804878048,supercritical
329,18,41.0,77,18.0,1.5185185185185186,1.8780487804878048,0.2337662337662337,supercritical
329,19,77.0,18,-1.0,1.8780487804878048,0.2337662337662337,-1.0,extinguished
330,0,-1.0,3,5.0,-1.0,-1.0,1.6666666666666667,initial
330,1,3.0,5,16.0,-1.0,1.6666666666666667,3.2,supercritical
330,2,5.0,16,24.0,1.6666666666666667,3.2,1.5,supercritical
330,3,16.0,24,46.0,3.2,1.5,1.9166666666666667,supercritical
330,4,24.0,46,44.0,1.5,1.9166666666666667,0.9565217391304348,supercritical
330,5,46.0,44,38.0,1.9166666666666667,0.9565217391304348,0.8636363636363636,equilibrium
330,6,44.0,38,40.0,0.9565217391304348,0.8636363636363636,1.0526315789473684,extinguished
330,7,38.0,40,44.0,0.8636363636363636,1.0526315789473684,1.1,supercritical
330,8,40.0,44,53.0,1.0526315789473684,1.1,1.2045454545454546,supercritical
330,9,44.0,53,53.0,1.1,1.2045454545454546,1.0,supercritical
330,10,53.0,53,58.0,1.2045454545454546,1.0,1.0943396226415094,equilibrium
330,11,53.0,58,45.0,1.0,1.0943396226415094,0.7758620689655172,supercritical
330,12,58.0,45,61.0,1.0943396226415094,0.7758620689655172,1.3555555555555556,extinguished
330,13,45.0,61,67.0,0.7758620689655172,1.3555555555555556,1.098360655737705,supercritical
330,14,61.0,67,44.0,1.3555555555555556,1.098360655737705,0.6567164179104478,supercritical
330,15,67.0,44,57.0,1.098360655737705,0.6567164179104478,1.2954545454545454,extinguished
330,16,44.0,57,32.0,0.6567164179104478,1.2954545454545454,0.5614035087719298,supercritical
330,17,57.0,32,48.0,1.2954545454545454,0.5614035087719298,1.5,extinguished
330,18,32.0,48,58.0,0.5614035087719298,1.5,1.2083333333333333,supercritical
330,19,48.0,58,-1.0,1.5,1.2083333333333333,-1.0,supercritical
331,0,-1.0,5,8.0,-1.0,-1.0,1.6,initial
331,1,5.0,8,15.0,-1.0,1.6,1.875,supercritical
331,2,8.0,15,20.0,1.6,1.875,1.3333333333333333,supercritical
331,3,15.0,20,35.0,1.875,1.3333333333333333,1.75,supercritical
331,4,20.0,35,47.0,1.3333333333333333,1.75,1.3428571428571427,supercritical
331,5,35.0,47,69.0,1.75,1.3428571428571427,1.4680851063829787,supercritical
331,6,47.0,69,39.0,1.3428571428571427,1.4680851063829787,0.5652173913043478,supercritical
331,7,69.0,39,33.0,1.4680851063829787,0.5652173913043478,0.8461538461538461,extinguished
331,8,39.0,33,61.0,0.5652173913043478,0.8461538461538461,1.8484848484848484,extinguished
331,9,33.0,61,33.0,0.8461538461538461,1.8484848484848484,0.5409836065573771,supercritical
331,10,61.0,33,52.0,1.8484848484848484,0.5409836065573771,1.5757575757575757,extinguished
331,11,33.0,52,42.0,0.5409836065573771,1.5757575757575757,0.8076923076923077,supercritical
331,12,52.0,42,48.0,1.5757575757575757,0.8076923076923077,1.1428571428571428,extinguished
331,13,42.0,48,52.0,0.8076923076923077,1.1428571428571428,1.0833333333333333,supercritical
331,14,48.0,52,39.0,1.1428571428571428,1.0833333333333333,0.75,supercritical
331,15,52.0,39,50.0,1.0833333333333333,0.75,1.2820512820512822,extinguished
331,16,39.0,50,60.0,0.75,1.2820512820512822,1.2,supercritical
331,17,50.0,60,58.0,1.2820512820512822,1.2,0.9666666666666668,supercritical
331,18,60.0,58,67.0,1.2,0.9666666666666668,1.1551724137931034,equilibrium
331,19,58.0,67,-1.0,0.9666666666666668,1.1551724137931034,-1.0,supercritical
332,0,-1.0,4,8.0,-1.0,-1.0,2.0,initial
332,1,4.0,8,14.0,-1.0,2.0,1.75,supercritical
332,2,8.0,14,22.0,2.0,1.75,1.5714285714285714,supercritical
332,3,14.0,22,36.0,1.75,1.5714285714285714,1.6363636363636365,supercritical
332,4,22.0,36,43.0,1.5714285714285714,1.6363636363636365,1.1944444444444444,supercritical
332,5,36.0,43,57.0,1.6363636363636365,1.1944444444444444,1.3255813953488371,supercritical
332,6,43.0,57,49.0,1.1944444444444444,1.3255813953488371,0.8596491228070176,supercritical
332,7,57.0,49,66.0,1.3255813953488371,0.8596491228070176,1.346938775510204,extinguished
332,8,49.0,66,48.0,0.8596491228070176,1.346938775510204,0.7272727272727273,supercritical
332,9,66.0,48,76.0,1.346938775510204,0.7272727272727273,1.5833333333333333,extinguished
332,10,48.0,76,37.0,0.7272727272727273,1.5833333333333333,0.4868421052631579,supercritical
332,11,76.0,37,48.0,1.5833333333333333,0.4868421052631579,1.2972972972972974,extinguished
332,12,37.0,48,44.0,0.4868421052631579,1.2972972972972974,0.9166666666666666,supercritical
332,13,48.0,44,37.0,1.2972972972972974,0.9166666666666666,0.8409090909090909,extinguished
332,14,44.0,37,51.0,0.9166666666666666,0.8409090909090909,1.3783783783783785,extinguished
332,15,37.0,51,68.0,0.8409090909090909,1.3783783783783785,1.3333333333333333,supercritical
332,16,51.0,68,56.0,1.3783783783783785,1.3333333333333333,0.8235294117647058,supercritical
332,17,68.0,56,61.0,1.3333333333333333,0.8235294117647058,1.0892857142857142,extinguished
332,18,56.0,61,72.0,0.8235294117647058,1.0892857142857142,1.180327868852459,supercritical
332,19,61.0,72,-1.0,1.0892857142857142,1.180327868852459,-1.0,supercritical
333,0,-1.0,5,8.0,-1.0,-1.0,1.6,initial
333,1,5.0,8,14.0,-1.0,1.6,1.75,supercritical
333,2,8.0,14,30.0,1.6,1.75,2.142857142857143,supercritical
333,3,14.0,30,46.0,1.75,2.142857142857143,1.5333333333333334,supercritical
333,4,30.0,46,41.0,2.142857142857143,1.5333333333333334,0.8913043478260869,supercritical
333,5,46.0,41,50.0,1.5333333333333334,0.8913043478260869,1.2195121951219512,extinguished
333,6,41.0,50,48.0,0.8913043478260869,1.2195121951219512,0.96,supercritical
333,7,50.0,48,58.0,1.2195121951219512,0.96,1.2083333333333333,equilibrium
333,8,48.0,58,41.0,0.96,1.2083333333333333,0.7068965517241379,supercritical
333,9,58.0,41,55.0,1.2083333333333333,0.7068965517241379,1.3414634146341464,extinguished
333,10,41.0,55,64.0,0.7068965517241379,1.3414634146341464,1.1636363636363636,supercritical
333,11,55.0,64,33.0,1.3414634146341464,1.1636363636363636,0.515625,supercritical
333,12,64.0,33,60.0,1.1636363636363636,0.515625,1.818181818181818,extinguished
333,13,33.0,60,38.0,0.515625,1.818181818181818,0.6333333333333333,supercritical
333,14,60.0,38,45.0,1.818181818181818,0.6333333333333333,1.1842105263157894,extinguished
333,15,38.0,45,61.0,0.6333333333333333,1.1842105263157894,1.3555555555555556,supercritical
333,16,45.0,61,43.0,1.1842105263157894,1.3555555555555556,0.7049180327868853,supercritical
333,17,61.0,43,59.0,1.3555555555555556,0.7049180327868853,1.372093023255814,extinguished
333,18,43.0,59,56.0,0.7049180327868853,1.372093023255814,0.9491525423728814,supercritical
333,19,59.0,56,-1.0,1.372093023255814,0.9491525423728814,-1.0,extinguished
334,0,-1.0,1,2.0,-1.0,-1.0,2.0,initial
334,1,1.0,2,5.0,-1.0,2.0,2.5,supercritical
334,2,2.0,5,8.0,2.0,2.5,1.6,supercritical
334,3,5.0,8,19.0,2.5,1.6,2.375,supercritical
334,4,8.0,19,33.0,1.6,2.375,1.736842105263158,supercritical
334,5,19.0,33,49.0,2.375,1.736842105263158,1.4848484848484849,supercritical
334,6,33.0,49,54.0,1.736842105263158,1.4848484848484849,1.1020408163265305,supercritical
334,7,49.0,54,51.0,1.4848484848484849,1.1020408163265305,0.9444444444444444,supercritical
334,8,54.0,51,47.0,1.1020408163265305,0.9444444444444444,0.9215686274509804,extinguished
334,9,51.0,47,34.0,0.9444444444444444,0.9215686274509804,0.723404255319149,extinguished
334,10,47.0,34,40.0,0.9215686274509804,0.723404255319149,1.1764705882352942,extinguished
334,11,34.0,40,37.0,0.723404255319149,1.1764705882352942,0.925,supercritical
334,12,40.0,37,32.0,1.1764705882352942,0.925,0.8648648648648649,extinguished
334,13,37.0,32,34.0,0.925,0.8648648648648649,1.0625,extinguished
334,14,32.0,34,42.0,0.8648648648648649,1.0625,1.2352941176470589,supercritical
334,15,34.0,42,44.0,1.0625,1.2352941176470589,1.0476190476190477,supercritical
334,16,42.0,44,61.0,1.2352941176470589,1.0476190476190477,1.3863636363636365,equilibrium
334,17,44.0,61,26.0,1.0476190476190477,1.3863636363636365,0.4262295081967213,supercritical
334,18,61.0,26,29.0,1.3863636363636365,0.4262295081967213,1.1153846153846154,extinguished
334,19,26.0,29,-1.0,0.4262295081967213,1.1153846153846154,-1.0,supercritical
335,0,-1.0,2,4.0,-1.0,-1.0,2.0,initial
335,1,2.0,4,7.0,-1.0,2.0,1.75,supercritical
335,2,4.0,7,19.0,2.0,1.75,2.7142857142857144,supercritical
335,3,7.0,19,28.0,1.75,2.7142857142857144,1.4736842105263157,supercritical
335,4,19.0,28,55.0,2.7142857142857144,1.4736842105263157,1.9642857142857144,supercritical
335,5,28.0,55,53.0,1.4736842105263157,1.9642857142857144,0.9636363636363636,supercritical
335,6,55.0,53,43.0,1.9642857142857144,0.9636363636363636,0.8113207547169812,equilibrium
335,7,53.0,43,69.0,0.9636363636363636,0.8113207547169812,1.6046511627906976,extinguished
335,8,43.0,69,63.0,0.8113207547169812,1.6046511627906976,0.9130434782608696,supercritical
335,9,69.0,63,40.0,1.6046511627906976,0.9130434782608696,0.6349206349206349,extinguished
335,10,63.0,40,36.0,0.9130434782608696,0.6349206349206349,0.9,extinguished
335,11,40.0,36,54.0,0.6349206349206349,0.9,1.5,extinguished
335,12,36.0,54,57.0,0.9,1.5,1.0555555555555556,supercritical
335,13,54.0,57,77.0,1.5,1.0555555555555556,1.350877192982456,supercritical
335,14,57.0,77,48.0,1.0555555555555556,1.350877192982456,0.6233766233766234,supercritical
335,15,77.0,48,46.0,1.350877192982456,0.6233766233766234,0.9583333333333334,extinguished
335,16,48.0,46,46.0,0.6233766233766234,0.9583333333333334,1.0,equilibrium
335,17,46.0,46,51.0,0.9583333333333334,1.0,1.108695652173913,equilibrium
335,18,46.0,51,61.0,1.0,1.108695652173913,1.196078431372549,supercritical
335,19,51.0,61,-1.0,1.108695652173913,1.196078431372549,-1.0,supercritical
336,0,-1.0,5,7.0,-1.0,-1.0,1.4,initial
336,1,5.0,7,12.0,-1.0,1.4,1.7142857142857142,supercritical
336,2,7.0,12,22.0,1.4,1.7142857142857142,1.8333333333333333,supercritical
336,3,12.0,22,42.0,1.7142857142857142,1.8333333333333333,1.9090909090909087,supercritical
336,4,22.0,42,35.0,1.8333333333333333,1.9090909090909087,0.8333333333333334,supercritical
336,5,42.0,35,44.0,1.9090909090909087,0.8333333333333334,1.2571428571428571,extinguished
336,6,35.0,44,37.0,0.8333333333333334,1.2571428571428571,0.8409090909090909,supercritical
336,7,44.0,37,39.0,1.2571428571428571,0.8409090909090909,1.054054054054054,extinguished
336,8,37.0,39,49.0,0.8409090909090909,1.054054054054054,1.2564102564102564,supercritical
336,9,39.0,49,55.0,1.054054054054054,1.2564102564102564,1.1224489795918366,supercritical
336,10,49.0,55,60.0,1.2564102564102564,1.1224489795918366,1.0909090909090908,supercritical
336,11,55.0,60,41.0,1.1224489795918366,1.0909090909090908,0.6833333333333333,supercritical
336,12,60.0,41,66.0,1.0909090909090908,0.6833333333333333,1.6097560975609757,extinguished
336,13,41.0,66,48.0,0.6833333333333333,1.6097560975609757,0.7272727272727273,supercritical
336,14,66.0,48,60.0,1.6097560975609757,0.7272727272727273,1.25,extinguished
336,15,48.0,60,57.0,0.7272727272727273,1.25,0.95,supercritical
336,16,60.0,57,49.0,1.25,0.95,0.8596491228070176,equilibrium
336,17,57.0,49,64.0,0.95,0.8596491228070176,1.3061224489795915,extinguished
336,18,49.0,64,37.0,0.8596491228070176,1.3061224489795915,0.578125,supercritical
336,19,64.0,37,-1.0,1.3061224489795915,0.578125,-1.0,extinguished
337,0,-1.0,4,11.0,-1.0,-1.0,2.75,initial
337,1,4.0,11,18.0,-1.0,2.75,1.6363636363636365,supercritical
337,2,11.0,18,24.0,2.75,1.6363636363636365,1.3333333333333333,supercritical
337,3,18.0,24,36.0,1.6363636363636365,1.3333333333333333,1.5,supercritical
337,4,24.0,36,24.0,1.3333333333333333,1.5,0.6666666666666666,supercritical
337,5,36.0,24,47.0,1.5,0.6666666666666666,1.9583333333333333,extinguished
337,6,24.0,47,36.0,0.6666666666666666,1.9583333333333333,0.7659574468085106,supercritical
337,7,47.0,36,47.0,1.9583333333333333,0.7659574468085106,1.3055555555555556,extinguished
337,8,36.0,47,44.0,0.7659574468085106,1.3055555555555556,0.9361702127659576,supercritical
337,9,47.0,44,38.0,1.3055555555555556,0.9361702127659576,0.8636363636363636,extinguished
337,10,44.0,38,39.0,0.9361702127659576,0.8636363636363636,1.0263157894736843,extinguished
337,11,38.0,39,37.0,0.8636363636363636,1.0263157894736843,0.9487179487179488,equilibrium
337,12,39.0,37,34.0,1.0263157894736843,0.9487179487179488,0.918918918918919,extinguished
337,13,37.0,34,35.0,0.9487179487179488,0.918918918918919,1.0294117647058822,extinguished
337,14,34.0,35,52.0,0.918918918918919,1.0294117647058822,1.4857142857142858,equilibrium
337,15,35.0,52,25.0,1.0294117647058822,1.4857142857142858,0.4807692307692308,supercritical
337,16,52.0,25,33.0,1.4857142857142858,0.4807692307692308,1.32,extinguished
337,17,25.0,33,38.0,0.4807692307692308,1.32,1.1515151515151516,supercritical
337,18,33.0,38,31.0,1.32,1.1515151515151516,0.8157894736842105,supercritical
337,19,38.0,31,-1.0,1.1515151515151516,0.8157894736842105,-1.0,extinguished
338,0,-1.0,4,9.0,-1.0,-1.0,2.25,initial
338,1,4.0,9,24.0,-1.0,2.25,2.6666666666666665,supercritical
338,2,9.0,24,30.0,2.25,2.6666666666666665,1.25,supercritical
338,3,24.0,30,33.0,2.6666666666666665,1.25,1.1,supercritical
338,4,30.0,33,37.0,1.25,1.1,1.121212121212121,supercritical
338,5,33.0,37,31.0,1.1,1.121212121212121,0.8378378378378378,supercritical
338,6,37.0,31,43.0,1.121212121212121,0.8378378378378378,1.3870967741935485,extinguished
338,7,31.0,43,16.0,0.8378378378378378,1.3870967741935485,0.3720930232558139,supercritical
338,8,43.0,16,35.0,1.3870967741935485,0.3720930232558139,2.1875,extinguished
338,9,16.0,35,45.0,0.3720930232558139,2.1875,1.2857142857142858,supercritical
338,10,35.0,45,46.0,2.1875,1.2857142857142858,1.022222222222222,supercritical
338,11,45.0,46,38.0,1.2857142857142858,1.022222222222222,0.8260869565217391,equilibrium
338,12,46.0,38,54.0,1.022222222222222,0.8260869565217391,1.4210526315789471,extinguished
338,13,38.0,54,40.0,0.8260869565217391,1.4210526315789471,0.7407407407407407,supercritical
338,14,54.0,40,31.0,1.4210526315789471,0.7407407407407407,0.775,extinguished
338,15,40.0,31,42.0,0.7407407407407407,0.775,1.3548387096774193,extinguished
338,16,31.0,42,39.0,0.775,1.3548387096774193,0.9285714285714286,supercritical
338,17,42.0,39,47.0,1.3548387096774193,0.9285714285714286,1.205128205128205,extinguished
338,18,39.0,47,34.0,0.9285714285714286,1.205128205128205,0.723404255319149,supercritical
338,19,47.0,34,-1.0,1.205128205128205,0.723404255319149,-1.0,extinguished
339,0,-1.0,1,0.0,-1.0,-1.0,0.0,initial
339,1,1.0,0,0.0,-1.0,0.0,0.0,extinguished
339,2,0.0,0,0.0,0.0,0.0,0.0,extinguished
339,3,0.0,0,0.0,0.0,0.0,0.0,extinguished
339,4,0.0,0,0.0,0.0,0.0,0.0,extinguished
339,5,0.0,0,0.0,0.0,0.0,0.0,extinguished
339,6,0.0,0,0.0,0.0,0.0,0.0,extinguished
339,7,0.0,0,0.0,0.0,0.0,0.0,extinguished
339,8,0.0,0,0.0,0.0,0.0,0.0,extinguished
339,9,0.0,0,0.0,0.0,0.0,0.0,extinguished
339,10,0.0,0,0.0,0.0,0.0,0.0,extinguished
339,11,0.0,0,0.0,0.0,0.0,0.0,extinguished
339,12,0.0,0,0.0,0.0,0.0,0.0,extinguished
339,13,0.0,0,0.0,0.0,0.0,0.0,extinguished
339,14,0.0,0,0.0,0.0,0.0,0.0,extinguished
339,15,0.0,0,0.0,0.0,0.0,0.0,extinguished
339,16,0.0,0,0.0,0.0,0.0,0.0,extinguished
339,17,0.0,0,0.0,0.0,0.0,0.0,extinguished
339,18,0.0,0,0.0,0.0,0.0,0.0,extinguished
339,19,0.0,0,-1.0,0.0,0.0,-1.0,extinguished
340,0,-1.0,4,16.0,-1.0,-1.0,4.0,initial
340,1,4.0,16,41.0,-1.0,4.0,2.5625,supercritical
340,2,16.0,41,53.0,4.0,2.5625,1.2926829268292683,supercritical
340,3,41.0,53,62.0,2.5625,1.2926829268292683,1.169811320754717,supercritical
340,4,53.0,62,43.0,1.2926829268292683,1.169811320754717,0.6935483870967742,supercritical
340,5,62.0,43,56.0,1.169811320754717,0.6935483870967742,1.302325581395349,extinguished
340,6,43.0,56,59.0,0.6935483870967742,1.302325581395349,1.0535714285714286,supercritical
340,7,56.0,59,45.0,1.302325581395349,1.0535714285714286,0.7627118644067796,supercritical
340,8,59.0,45,56.0,1.0535714285714286,0.7627118644067796,1.2444444444444445,extinguished
340,9,45.0,56,76.0,0.7627118644067796,1.2444444444444445,1.3571428571428572,supercritical
340,10,56.0,76,59.0,1.2444444444444445,1.3571428571428572,0.7763157894736842,supercritical
340,11,76.0,59,71.0,1.3571428571428572,0.7763157894736842,1.2033898305084745,extinguished
340,12,59.0,71,56.0,0.7763157894736842,1.2033898305084745,0.7887323943661971,supercritical
340,13,71.0,56,53.0,1.2033898305084745,0.7887323943661971,0.9464285714285714,extinguished
340,14,56.0,53,48.0,0.7887323943661971,0.9464285714285714,0.9056603773584906,extinguished
340,15,53.0,48,48.0,0.9464285714285714,0.9056603773584906,1.0,extinguished
340,16,48.0,48,82.0,0.9056603773584906,1.0,1.7083333333333333,equilibrium
340,17,48.0,82,37.0,1.0,1.7083333333333333,0.4512195121951219,supercritical
340,18,82.0,37,46.0,1.7083333333333333,0.4512195121951219,1.2432432432432432,extinguished
340,19,37.0,46,-1.0,0.4512195121951219,1.2432432432432432,-1.0,supercritical
341,0,-1.0,5,5.0,-1.0,-1.0,1.0,initial
341,1,5.0,5,5.0,-1.0,1.0,1.0,equilibrium
341,2,5.0,5,13.0,1.0,1.0,2.6,equilibrium
341,3,5.0,13,23.0,1.0,2.6,1.7692307692307692,supercritical
341,4,13.0,23,39.0,2.6,1.7692307692307692,1.6956521739130437,supercritical
341,5,23.0,39,41.0,1.7692307692307692,1.6956521739130437,1.051282051282051,supercritical
341,6,39.0,41,41.0,1.6956521739130437,1.051282051282051,1.0,supercritical
341,7,41.0,41,58.0,1.051282051282051,1.0,1.4146341463414631,equilibrium
341,8,41.0,58,42.0,1.0,1.4146341463414631,0.7241379310344828,supercritical
341,9,58.0,42,60.0,1.4146341463414631,0.7241379310344828,1.4285714285714286,extinguished
341,10,42.0,60,50.0,0.7241379310344828,1.4285714285714286,0.8333333333333334,supercritical
341,11,60.0,50,55.0,1.4285714285714286,0.8333333333333334,1.1,extinguished
341,12,50.0,55,54.0,0.8333333333333334,1.1,0.9818181818181818,supercritical
341,13,55.0,54,49.0,1.1,0.9818181818181818,0.9074074074074074,equilibrium
341,14,54.0,49,49.0,0.9818181818181818,0.9074074074074074,1.0,extinguished
341,15,49.0,49,43.0,0.9074074074074074,1.0,0.8775510204081632,equilibrium
341,16,49.0,43,42.0,1.0,0.8775510204081632,0.9767441860465116,extinguished
341,17,43.0,42,42.0,0.8775510204081632,0.9767441860465116,1.0,equilibrium
341,18,42.0,42,53.0,0.9767441860465116,1.0,1.261904761904762,equilibrium
341,19,42.0,53,-1.0,1.0,1.261904761904762,-1.0,supercritical
342,0,-1.0,3,4.0,-1.0,-1.0,1.3333333333333333,initial
342,1,3.0,4,3.0,-1.0,1.3333333333333333,0.75,supercritical
342,2,4.0,3,8.0,1.3333333333333333,0.75,2.6666666666666665,extinguished
342,3,3.0,8,16.0,0.75,2.6666666666666665,2.0,supercritical
342,4,8.0,16,32.0,2.6666666666666665,2.0,2.0,supercritical
342,5,16.0,32,33.0,2.0,2.0,1.03125,supercritical
342,6,32.0,33,56.0,2.0,1.03125,1.696969696969697,equilibrium
342,7,33.0,56,49.0,1.03125,1.696969696969697,0.875,supercritical
342,8,56.0,49,44.0,1.696969696969697,0.875,0.8979591836734694,extinguished
342,9,49.0,44,54.0,0.875,0.8979591836734694,1.2272727272727273,extinguished
342,10,44.0,54,49.0,0.8979591836734694,1.2272727272727273,0.9074074074074074,supercritical
342,11,54.0,49,49.0,1.2272727272727273,0.9074074074074074,1.0,extinguished
342,12,49.0,49,51.0,0.9074074074074074,1.0,1.0408163265306123,equilibrium
342,13,49.0,51,55.0,1.0,1.0408163265306123,1.0784313725490196,equilibrium
342,14,51.0,55,67.0,1.0408163265306123,1.0784313725490196,1.2181818181818185,supercritical
342,15,55.0,67,58.0,1.0784313725490196,1.2181818181818185,0.8656716417910447,supercritical
342,16,67.0,58,42.0,1.2181818181818185,0.8656716417910447,0.7241379310344828,extinguished
342,17,58.0,42,32.0,0.8656716417910447,0.7241379310344828,0.7619047619047619,extinguished
342,18,42.0,32,35.0,0.7241379310344828,0.7619047619047619,1.09375,extinguished
342,19,32.0,35,-1.0,0.7619047619047619,1.09375,-1.0,supercritical
343,0,-1.0,1,0.0,-1.0,-1.0,0.0,initial
343,1,1.0,0,0.0,-1.0,0.0,0.0,extinguished
343,2,0.0,0,0.0,0.0,0.0,0.0,extinguished
343,3,0.0,0,0.0,0.0,0.0,0.0,extinguished
343,4,0.0,0,0.0,0.0,0.0,0.0,extinguished
343,5,0.0,0,0.0,0.0,0.0,0.0,extinguished
343,6,0.0,0,0.0,0.0,0.0,0.0,extinguished
343,7,0.0,0,0.0,0.0,0.0,0.0,extinguished
343,8,0.0,0,0.0,0.0,0.0,0.0,extinguished
343,9,0.0,0,0.0,0.0,0.0,0.0,extinguished
343,10,0.0,0,0.0,0.0,0.0,0.0,extinguished
343,11,0.0,0,0.0,0.0,0.0,0.0,extinguished
343,12,0.0,0,0.0,0.0,0.0,0.0,extinguished
343,13,0.0,0,0.0,0.0,0.0,0.0,extinguished
343,14,0.0,0,0.0,0.0,0.0,0.0,extinguished
343,15,0.0,0,0.0,0.0,0.0,0.0,extinguished
343,16,0.0,0,0.0,0.0,0.0,0.0,extinguished
343,17,0.0,0,0.0,0.0,0.0,0.0,extinguished
343,18,0.0,0,0.0,0.0,0.0,0.0,extinguished
343,19,0.0,0,-1.0,0.0,0.0,-1.0,extinguished
344,0,-1.0,4,9.0,-1.0,-1.0,2.25,initial
344,1,4.0,9,20.0,-1.0,2.25,2.2222222222222223,supercritical
344,2,9.0,20,43.0,2.25,2.2222222222222223,2.15,supercritical
344,3,20.0,43,38.0,2.2222222222222223,2.15,0.8837209302325582,supercritical
344,4,43.0,38,62.0,2.15,0.8837209302325582,1.631578947368421,extinguished
344,5,38.0,62,61.0,0.8837209302325582,1.631578947368421,0.9838709677419356,supercritical
344,6,62.0,61,68.0,1.631578947368421,0.9838709677419356,1.1147540983606556,equilibrium
344,7,61.0,68,45.0,0.9838709677419356,1.1147540983606556,0.6617647058823529,supercritical
344,8,68.0,45,50.0,1.1147540983606556,0.6617647058823529,1.1111111111111112,extinguished
344,9,45.0,50,43.0,0.6617647058823529,1.1111111111111112,0.86,supercritical
344,10,50.0,43,47.0,1.1111111111111112,0.86,1.0930232558139534,extinguished
344,11,43.0,47,64.0,0.86,1.0930232558139534,1.3617021276595744,supercritical
344,12,47.0,64,51.0,1.0930232558139534,1.3617021276595744,0.796875,supercritical
344,13,64.0,51,41.0,1.3617021276595744,0.796875,0.803921568627451,extinguished
344,14,51.0,41,45.0,0.796875,0.803921568627451,1.0975609756097562,extinguished
344,15,41.0,45,40.0,0.803921568627451,1.0975609756097562,0.8888888888888888,supercritical
344,16,45.0,40,66.0,1.0975609756097562,0.8888888888888888,1.65,extinguished
344,17,40.0,66,37.0,0.8888888888888888,1.65,0.5606060606060606,supercritical
344,18,66.0,37,63.0,1.65,0.5606060606060606,1.7027027027027026,extinguished
344,19,37.0,63,-1.0,0.5606060606060606,1.7027027027027026,-1.0,supercritical
345,0,-1.0,2,3.0,-1.0,-1.0,1.5,initial
345,1,2.0,3,6.0,-1.0,1.5,2.0,supercritical
345,2,3.0,6,10.0,1.5,2.0,1.6666666666666667,supercritical
345,3,6.0,10,10.0,2.0,1.6666666666666667,1.0,supercritical
345,4,10.0,10,16.0,1.6666666666666667,1.0,1.6,equilibrium
345,5,10.0,16,25.0,1.0,1.6,1.5625,supercritical
345,6,16.0,25,28.0,1.6,1.5625,1.12,supercritical
345,7,25.0,28,42.0,1.5625,1.12,1.5,supercritical
345,8,28.0,42,46.0,1.12,1.5,1.0952380952380951,supercritical
345,9,42.0,46,39.0,1.5,1.0952380952380951,0.8478260869565217,supercritical
345,10,46.0,39,30.0,1.0952380952380951,0.8478260869565217,0.7692307692307693,extinguished
345,11,39.0,30,39.0,0.8478260869565217,0.7692307692307693,1.3,extinguished
345,12,30.0,39,42.0,0.7692307692307693,1.3,1.0769230769230769,supercritical
345,13,39.0,42,39.0,1.3,1.0769230769230769,0.9285714285714286,supercritical
345,14,42.0,39,51.0,1.0769230769230769,0.9285714285714286,1.3076923076923077,extinguished
345,15,39.0,51,52.0,0.9285714285714286,1.3076923076923077,1.0196078431372548,supercritical
345,16,51.0,52,32.0,1.3076923076923077,1.0196078431372548,0.6153846153846154,equilibrium
345,17,52.0,32,36.0,1.0196078431372548,0.6153846153846154,1.125,extinguished
345,18,32.0,36,36.0,0.6153846153846154,1.125,1.0,supercritical
345,19,36.0,36,-1.0,1.125,1.0,-1.0,equilibrium
346,0,-1.0,3,9.0,-1.0,-1.0,3.0,initial
346,1,3.0,9,17.0,-1.0,3.0,1.8888888888888888,supercritical
346,2,9.0,17,26.0,3.0,1.8888888888888888,1.5294117647058822,supercritical
346,3,17.0,26,41.0,1.8888888888888888,1.5294117647058822,1.5769230769230769,supercritical
346,4,26.0,41,45.0,1.5294117647058822,1.5769230769230769,1.0975609756097562,supercritical
346,5,41.0,45,57.0,1.5769230769230769,1.0975609756097562,1.2666666666666666,supercritical
346,6,45.0,57,41.0,1.0975609756097562,1.2666666666666666,0.7192982456140351,supercritical
346,7,57.0,41,54.0,1.2666666666666666,0.7192982456140351,1.3170731707317074,extinguished
346,8,41.0,54,64.0,0.7192982456140351,1.3170731707317074,1.1851851851851851,supercritical
346,9,54.0,64,32.0,1.3170731707317074,1.1851851851851851,0.5,supercritical
346,10,64.0,32,58.0,1.1851851851851851,0.5,1.8125,extinguished
346,11,32.0,58,38.0,0.5,1.8125,0.6551724137931034,supercritical
346,12,58.0,38,45.0,1.8125,0.6551724137931034,1.1842105263157894,extinguished
346,13,38.0,45,60.0,0.6551724137931034,1.1842105263157894,1.3333333333333333,supercritical
346,14,45.0,60,43.0,1.1842105263157894,1.3333333333333333,0.7166666666666667,supercritical
346,15,60.0,43,66.0,1.3333333333333333,0.7166666666666667,1.5348837209302326,extinguished
346,16,43.0,66,62.0,0.7166666666666667,1.5348837209302326,0.9393939393939394,supercritical
346,17,66.0,62,53.0,1.5348837209302326,0.9393939393939394,0.8548387096774194,extinguished
346,18,62.0,53,49.0,0.9393939393939394,0.8548387096774194,0.9245283018867924,extinguished
346,19,53.0,49,-1.0,0.8548387096774194,0.9245283018867924,-1.0,extinguished
347,0,-1.0,3,11.0,-1.0,-1.0,3.6666666666666665,initial
347,1,3.0,11,26.0,-1.0,3.6666666666666665,2.363636363636364,supercritical
347,2,11.0,26,51.0,3.6666666666666665,2.363636363636364,1.9615384615384612,supercritical
347,3,26.0,51,36.0,2.363636363636364,1.9615384615384612,0.7058823529411765,supercritical
347,4,51.0,36,46.0,1.9615384615384612,0.7058823529411765,1.2777777777777777,extinguished
347,5,36.0,46,47.0,0.7058823529411765,1.2777777777777777,1.0217391304347827,supercritical
347,6,46.0,47,65.0,1.2777777777777777,1.0217391304347827,1.3829787234042554,equilibrium
347,7,47.0,65,49.0,1.0217391304347827,1.3829787234042554,0.7538461538461538,supercritical
347,8,65.0,49,49.0,1.3829787234042554,0.7538461538461538,1.0,extinguished
347,9,49.0,49,55.0,0.7538461538461538,1.0,1.1224489795918366,equilibrium
347,10,49.0,55,54.0,1.0,1.1224489795918366,0.9818181818181818,supercritical
347,11,55.0,54,44.0,1.1224489795918366,0.9818181818181818,0.8148148148148148,equilibrium
347,12,54.0,44,43.0,0.9818181818181818,0.8148148148148148,0.9772727272727272,extinguished
347,13,44.0,43,43.0,0.8148148148148148,0.9772727272727272,1.0,equilibrium
347,14,43.0,43,64.0,0.9772727272727272,1.0,1.4883720930232558,equilibrium
347,15,43.0,64,49.0,1.0,1.4883720930232558,0.765625,supercritical
347,16,64.0,49,22.0,1.4883720930232558,0.765625,0.4489795918367347,extinguished
347,17,49.0,22,35.0,0.765625,0.4489795918367347,1.5909090909090908,extinguished
347,18,22.0,35,50.0,0.4489795918367347,1.5909090909090908,1.4285714285714286,supercritical
347,19,35.0,50,-1.0,1.5909090909090908,1.4285714285714286,-1.0,supercritical
348,0,-1.0,1,6.0,-1.0,-1.0,6.0,initial
348,1,1.0,6,9.0,-1.0,6.0,1.5,supercritical
348,2,6.0,9,20.0,6.0,1.5,2.2222222222222223,supercritical
348,3,9.0,20,39.0,1.5,2.2222222222222223,1.95,supercritical
348,4,20.0,39,68.0,2.2222222222222223,1.95,1.7435897435897436,supercritical
348,5,39.0,68,41.0,1.95,1.7435897435897436,0.6029411764705882,supercritical
348,6,68.0,41,61.0,1.7435897435897436,0.6029411764705882,1.4878048780487805,extinguished
348,7,41.0,61,61.0,0.6029411764705882,1.4878048780487805,1.0,supercritical
348,8,61.0,61,57.0,1.4878048780487805,1.0,0.9344262295081968,equilibrium
348,9,61.0,57,43.0,1.0,0.9344262295081968,0.7543859649122807,extinguished
348,10,57.0,43,49.0,0.9344262295081968,0.7543859649122807,1.1395348837209305,extinguished
348,11,43.0,49,50.0,0.7543859649122807,1.1395348837209305,1.020408163265306,supercritical
348,12,49.0,50,74.0,1.1395348837209305,1.020408163265306,1.48,equilibrium
348,13,50.0,74,51.0,1.020408163265306,1.48,0.6891891891891891,supercritical
348,14,74.0,51,68.0,1.48,0.6891891891891891,1.3333333333333333,extinguished
348,15,51.0,68,27.0,0.6891891891891891,1.3333333333333333,0.3970588235294117,supercritical
348,16,68.0,27,39.0,1.3333333333333333,0.3970588235294117,1.4444444444444444,extinguished
348,17,27.0,39,54.0,0.3970588235294117,1.4444444444444444,1.3846153846153846,supercritical
348,18,39.0,54,55.0,1.4444444444444444,1.3846153846153846,1.0185185185185186,supercritical
348,19,54.0,55,-1.0,1.3846153846153846,1.0185185185185186,-1.0,equilibrium
349,0,-1.0,1,2.0,-1.0,-1.0,2.0,initial
349,1,1.0,2,6.0,-1.0,2.0,3.0,supercritical
349,2,2.0,6,12.0,2.0,3.0,2.0,supercritical
349,3,6.0,12,14.0,3.0,2.0,1.1666666666666667,supercritical
349,4,12.0,14,20.0,2.0,1.1666666666666667,1.4285714285714286,supercritical
349,5,14.0,20,26.0,1.1666666666666667,1.4285714285714286,1.3,supercritical
349,6,20.0,26,41.0,1.4285714285714286,1.3,1.5769230769230769,supercritical
349,7,26.0,41,47.0,1.3,1.5769230769230769,1.146341463414634,supercritical
349,8,41.0,47,50.0,1.5769230769230769,1.146341463414634,1.0638297872340423,supercritical
349,9,47.0,50,26.0,1.146341463414634,1.0638297872340423,0.52,supercritical
349,10,50.0,26,33.0,1.0638297872340423,0.52,1.2692307692307692,extinguished
349,11,26.0,33,44.0,0.52,1.2692307692307692,1.3333333333333333,supercritical
349,12,33.0,44,39.0,1.2692307692307692,1.3333333333333333,0.8863636363636364,supercritical
349,13,44.0,39,38.0,1.3333333333333333,0.8863636363636364,0.9743589743589745,extinguished
349,14,39.0,38,32.0,0.8863636363636364,0.9743589743589745,0.8421052631578947,equilibrium
349,15,38.0,32,38.0,0.9743589743589745,0.8421052631578947,1.1875,extinguished
349,16,32.0,38,47.0,0.8421052631578947,1.1875,1.236842105263158,supercritical
349,17,38.0,47,34.0,1.1875,1.236842105263158,0.723404255319149,supercritical
349,18,47.0,34,41.0,1.236842105263158,0.723404255319149,1.2058823529411764,extinguished
349,19,34.0,41,-1.0,0.723404255319149,1.2058823529411764,-1.0,supercritical
350,0,-1.0,4,10.0,-1.0,-1.0,2.5,initial
350,1,4.0,10,18.0,-1.0,2.5,1.8,supercritical
350,2,10.0,18,19.0,2.5,1.8,1.0555555555555556,supercritical
350,3,18.0,19,42.0,1.8,1.0555555555555556,2.210526315789474,supercritical
350,4,19.0,42,46.0,1.0555555555555556,2.210526315789474,1.0952380952380951,supercritical
350,5,42.0,46,47.0,2.210526315789474,1.0952380952380951,1.0217391304347827,supercritical
350,6,46.0,47,75.0,1.0952380952380951,1.0217391304347827,1.5957446808510638,equilibrium
350,7,47.0,75,40.0,1.0217391304347827,1.5957446808510638,0.5333333333333333,supercritical
350,8,75.0,40,57.0,1.5957446808510638,0.5333333333333333,1.425,extinguished
350,9,40.0,57,58.0,0.5333333333333333,1.425,1.0175438596491229,supercritical
350,10,57.0,58,55.0,1.425,1.0175438596491229,0.9482758620689656,equilibrium
350,11,58.0,55,66.0,1.0175438596491229,0.9482758620689656,1.2,extinguished
350,12,55.0,66,22.0,0.9482758620689656,1.2,0.3333333333333333,supercritical
350,13,66.0,22,22.0,1.2,0.3333333333333333,1.0,extinguished
350,14,22.0,22,33.0,0.3333333333333333,1.0,1.5,equilibrium
350,15,22.0,33,60.0,1.0,1.5,1.818181818181818,supercritical
350,16,33.0,60,76.0,1.5,1.818181818181818,1.2666666666666666,supercritical
350,17,60.0,76,52.0,1.818181818181818,1.2666666666666666,0.6842105263157895,supercritical
350,18,76.0,52,51.0,1.2666666666666666,0.6842105263157895,0.9807692307692308,extinguished
350,19,52.0,51,-1.0,0.6842105263157895,0.9807692307692308,-1.0,equilibrium
351,0,-1.0,4,6.0,-1.0,-1.0,1.5,initial
351,1,4.0,6,14.0,-1.0,1.5,2.333333333333333,supercritical
351,2,6.0,14,24.0,1.5,2.333333333333333,1.7142857142857142,supercritical
351,3,14.0,24,39.0,2.333333333333333,1.7142857142857142,1.625,supercritical
351,4,24.0,39,49.0,1.7142857142857142,1.625,1.2564102564102564,supercritical
351,5,39.0,49,45.0,1.625,1.2564102564102564,0.9183673469387756,supercritical
351,6,49.0,45,57.0,1.2564102564102564,0.9183673469387756,1.2666666666666666,extinguished
351,7,45.0,57,51.0,0.9183673469387756,1.2666666666666666,0.8947368421052632,supercritical
351,8,57.0,51,59.0,1.2666666666666666,0.8947368421052632,1.156862745098039,extinguished
351,9,51.0,59,78.0,0.8947368421052632,1.156862745098039,1.3220338983050848,supercritical
351,10,59.0,78,35.0,1.156862745098039,1.3220338983050848,0.4487179487179487,supercritical
351,11,78.0,35,58.0,1.3220338983050848,0.4487179487179487,1.6571428571428573,extinguished
351,12,35.0,58,55.0,0.4487179487179487,1.6571428571428573,0.9482758620689656,supercritical
351,13,58.0,55,54.0,1.6571428571428573,0.9482758620689656,0.9818181818181818,extinguished
351,14,55.0,54,61.0,0.9482758620689656,0.9818181818181818,1.1296296296296295,equilibrium
351,15,54.0,61,46.0,0.9818181818181818,1.1296296296296295,0.7540983606557377,supercritical
351,16,61.0,46,59.0,1.1296296296296295,0.7540983606557377,1.2826086956521738,extinguished
351,17,46.0,59,53.0,0.7540983606557377,1.2826086956521738,0.8983050847457628,supercritical
351,18,59.0,53,50.0,1.2826086956521738,0.8983050847457628,0.9433962264150944,extinguished
351,19,53.0,50,-1.0,0.8983050847457628,0.9433962264150944,-1.0,extinguished
352,0,-1.0,2,4.0,-1.0,-1.0,2.0,initial
352,1,2.0,4,7.0,-1.0,2.0,1.75,supercritical
352,2,4.0,7,12.0,2.0,1.75,1.7142857142857142,supercritical
352,3,7.0,12,20.0,1.75,1.7142857142857142,1.6666666666666667,supercritical
352,4,12.0,20,28.0,1.7142857142857142,1.6666666666666667,1.4,supercritical
352,5,20.0,28,48.0,1.6666666666666667,1.4,1.7142857142857142,supercritical
352,6,28.0,48,51.0,1.4,1.7142857142857142,1.0625,supercritical
352,7,48.0,51,53.0,1.7142857142857142,1.0625,1.03921568627451,supercritical
352,8,51.0,53,55.0,1.0625,1.03921568627451,1.0377358490566038,equilibrium
352,9,53.0,55,46.0,1.03921568627451,1.0377358490566038,0.8363636363636363,equilibrium
352,10,55.0,46,53.0,1.0377358490566038,0.8363636363636363,1.1521739130434785,extinguished
352,11,46.0,53,68.0,0.8363636363636363,1.1521739130434785,1.2830188679245282,supercritical
352,12,53.0,68,35.0,1.1521739130434785,1.2830188679245282,0.5147058823529411,supercritical
352,13,68.0,35,36.0,1.2830188679245282,0.5147058823529411,1.0285714285714285,extinguished
352,14,35.0,36,50.0,0.5147058823529411,1.0285714285714285,1.3888888888888888,equilibrium
352,15,36.0,50,64.0,1.0285714285714285,1.3888888888888888,1.28,supercritical
352,16,50.0,64,51.0,1.3888888888888888,1.28,0.796875,supercritical
352,17,64.0,51,54.0,1.28,0.796875,1.0588235294117647,extinguished
352,18,51.0,54,44.0,0.796875,1.0588235294117647,0.8148148148148148,supercritical
352,19,54.0,44,-1.0,1.0588235294117647,0.8148148148148148,-1.0,extinguished
353,0,-1.0,3,9.0,-1.0,-1.0,3.0,initial
353,1,3.0,9,20.0,-1.0,3.0,2.2222222222222223,supercritical
353,2,9.0,20,25.0,3.0,2.2222222222222223,1.25,supercritical
353,3,20.0,25,29.0,2.2222222222222223,1.25,1.16,supercritical
353,4,25.0,29,27.0,1.25,1.16,0.9310344827586208,supercritical
353,5,29.0,27,40.0,1.16,0.9310344827586208,1.4814814814814814,extinguished
353,6,27.0,40,47.0,0.9310344827586208,1.4814814814814814,1.175,supercritical
353,7,40.0,47,48.0,1.4814814814814814,1.175,1.0212765957446808,supercritical
353,8,47.0,48,61.0,1.175,1.0212765957446808,1.2708333333333333,equilibrium
353,9,48.0,61,36.0,1.0212765957446808,1.2708333333333333,0.5901639344262295,supercritical
353,10,61.0,36,42.0,1.2708333333333333,0.5901639344262295,1.1666666666666667,extinguished
353,11,36.0,42,46.0,0.5901639344262295,1.1666666666666667,1.0952380952380951,supercritical
353,12,42.0,46,45.0,1.1666666666666667,1.0952380952380951,0.9782608695652174,supercritical
353,13,46.0,45,60.0,1.0952380952380951,0.9782608695652174,1.3333333333333333,equilibrium
353,14,45.0,60,58.0,0.9782608695652174,1.3333333333333333,0.9666666666666668,supercritical
353,15,60.0,58,44.0,1.3333333333333333,0.9666666666666668,0.7586206896551724,equilibrium
353,16,58.0,44,60.0,0.9666666666666668,0.7586206896551724,1.3636363636363635,extinguished
353,17,44.0,60,51.0,0.7586206896551724,1.3636363636363635,0.85,supercritical
353,18,60.0,51,61.0,1.3636363636363635,0.85,1.196078431372549,extinguished
353,19,51.0,61,-1.0,0.85,1.196078431372549,-1.0,supercritical
354,0,-1.0,5,10.0,-1.0,-1.0,2.0,initial
354,1,5.0,10,25.0,-1.0,2.0,2.5,supercritical
354,2,10.0,25,46.0,2.0,2.5,1.84,supercritical
354,3,25.0,46,64.0,2.5,1.84,1.391304347826087,supercritical
354,4,46.0,64,67.0,1.84,1.391304347826087,1.046875,supercritical
354,5,64.0,67,39.0,1.391304347826087,1.046875,0.582089552238806,equilibrium
354,6,67.0,39,43.0,1.046875,0.582089552238806,1.1025641025641026,extinguished
354,7,39.0,43,30.0,0.582089552238806,1.1025641025641026,0.6976744186046512,supercritical
354,8,43.0,30,38.0,1.1025641025641026,0.6976744186046512,1.2666666666666666,extinguished
354,9,30.0,38,54.0,0.6976744186046512,1.2666666666666666,1.4210526315789471,supercritical
354,10,38.0,54,37.0,1.2666666666666666,1.4210526315789471,0.6851851851851852,supercritical
354,11,54.0,37,53.0,1.4210526315789471,0.6851851851851852,1.4324324324324325,extinguished
354,12,37.0,53,40.0,0.6851851851851852,1.4324324324324325,0.7547169811320755,supercritical
354,13,53.0,40,39.0,1.4324324324324325,0.7547169811320755,0.975,extinguished
354,14,40.0,39,53.0,0.7547169811320755,0.975,1.358974358974359,equilibrium
354,15,39.0,53,43.0,0.975,1.358974358974359,0.8113207547169812,supercritical
354,16,53.0,43,34.0,1.358974358974359,0.8113207547169812,0.7906976744186046,extinguished
354,17,43.0,34,51.0,0.8113207547169812,0.7906976744186046,1.5,extinguished
354,18,34.0,51,54.0,0.7906976744186046,1.5,1.0588235294117647,supercritical
354,19,51.0,54,-1.0,1.5,1.0588235294117647,-1.0,supercritical
355,0,-1.0,1,2.0,-1.0,-1.0,2.0,initial
355,1,1.0,2,9.0,-1.0,2.0,4.5,supercritical
355,2,2.0,9,15.0,2.0,4.5,1.6666666666666667,supercritical
355,3,9.0,15,30.0,4.5,1.6666666666666667,2.0,supercritical
355,4,15.0,30,52.0,1.6666666666666667,2.0,1.7333333333333334,supercritical
355,5,30.0,52,75.0,2.0,1.7333333333333334,1.4423076923076923,supercritical
355,6,52.0,75,19.0,1.7333333333333334,1.4423076923076923,0.2533333333333333,supercritical
355,7,75.0,19,29.0,1.4423076923076923,0.2533333333333333,1.5263157894736843,extinguished
355,8,19.0,29,50.0,0.2533333333333333,1.5263157894736843,1.7241379310344829,supercritical
355,9,29.0,50,61.0,1.5263157894736843,1.7241379310344829,1.22,supercritical
355,10,50.0,61,56.0,1.7241379310344829,1.22,0.918032786885246,supercritical
355,11,61.0,56,50.0,1.22,0.918032786885246,0.8928571428571429,extinguished
355,12,56.0,50,70.0,0.918032786885246,0.8928571428571429,1.4,extinguished
355,13,50.0,70,41.0,0.8928571428571429,1.4,0.5857142857142857,supercritical
355,14,70.0,41,61.0,1.4,0.5857142857142857,1.4878048780487805,extinguished
355,15,41.0,61,40.0,0.5857142857142857,1.4878048780487805,0.6557377049180327,supercritical
355,16,61.0,40,70.0,1.4878048780487805,0.6557377049180327,1.75,extinguished
355,17,40.0,70,67.0,0.6557377049180327,1.75,0.9571428571428572,supercritical
355,18,70.0,67,78.0,1.75,0.9571428571428572,1.164179104477612,equilibrium
355,19,67.0,78,-1.0,0.9571428571428572,1.164179104477612,-1.0,supercritical
356,0,-1.0,3,6.0,-1.0,-1.0,2.0,initial
356,1,3.0,6,12.0,-1.0,2.0,2.0,supercritical
356,2,6.0,12,18.0,2.0,2.0,1.5,supercritical
356,3,12.0,18,25.0,2.0,1.5,1.3888888888888888,supercritical
356,4,18.0,25,29.0,1.5,1.3888888888888888,1.16,supercritical
356,5,25.0,29,36.0,1.3888888888888888,1.16,1.2413793103448276,supercritical
356,6,29.0,36,30.0,1.16,1.2413793103448276,0.8333333333333334,supercritical
356,7,36.0,30,33.0,1.2413793103448276,0.8333333333333334,1.1,extinguished
356,8,30.0,33,47.0,0.8333333333333334,1.1,1.4242424242424243,supercritical
356,9,33.0,47,35.0,1.1,1.4242424242424243,0.7446808510638298,supercritical
356,10,47.0,35,42.0,1.4242424242424243,0.7446808510638298,1.2,extinguished
356,11,35.0,42,43.0,0.7446808510638298,1.2,1.0238095238095235,supercritical
356,12,42.0,43,43.0,1.2,1.0238095238095235,1.0,equilibrium
356,13,43.0,43,52.0,1.0238095238095235,1.0,1.2093023255813953,equilibrium
356,14,43.0,52,33.0,1.0,1.2093023255813953,0.6346153846153846,supercritical
356,15,52.0,33,37.0,1.2093023255813953,0.6346153846153846,1.121212121212121,extinguished
356,16,33.0,37,40.0,0.6346153846153846,1.121212121212121,1.0810810810810811,supercritical
356,17,37.0,40,36.0,1.121212121212121,1.0810810810810811,0.9,supercritical
356,18,40.0,36,42.0,1.0810810810810811,0.9,1.1666666666666667,extinguished
356,19,36.0,42,-1.0,0.9,1.1666666666666667,-1.0,supercritical
357,0,-1.0,2,2.0,-1.0,-1.0,1.0,initial
357,1,2.0,2,3.0,-1.0,1.0,1.5,equilibrium
357,2,2.0,3,3.0,1.0,1.5,1.0,supercritical
357,3,3.0,3,5.0,1.5,1.0,1.6666666666666667,equilibrium
357,4,3.0,5,7.0,1.0,1.6666666666666667,1.4,supercritical
357,5,5.0,7,14.0,1.6666666666666667,1.4,2.0,supercritical
357,6,7.0,14,20.0,1.4,2.0,1.4285714285714286,supercritical
357,7,14.0,20,33.0,2.0,1.4285714285714286,1.65,supercritical
357,8,20.0,33,40.0,1.4285714285714286,1.65,1.2121212121212122,supercritical
357,9,33.0,40,30.0,1.65,1.2121212121212122,0.75,supercritical
357,10,40.0,30,32.0,1.2121212121212122,0.75,1.0666666666666669,extinguished
357,11,30.0,32,43.0,0.75,1.0666666666666669,1.34375,supercritical
357,12,32.0,43,36.0,1.0666666666666669,1.34375,0.8372093023255814,supercritical
357,13,43.0,36,63.0,1.34375,0.8372093023255814,1.75,extinguished
357,14,36.0,63,41.0,0.8372093023255814,1.75,0.6507936507936508,supercritical
357,15,63.0,41,39.0,1.75,0.6507936507936508,0.951219512195122,extinguished
357,16,41.0,39,34.0,0.6507936507936508,0.951219512195122,0.8717948717948718,equilibrium
357,17,39.0,34,42.0,0.951219512195122,0.8717948717948718,1.2352941176470589,extinguished
357,18,34.0,42,40.0,0.8717948717948718,1.2352941176470589,0.9523809523809524,supercritical
357,19,42.0,40,-1.0,1.2352941176470589,0.9523809523809524,-1.0,equilibrium
358,0,-1.0,3,7.0,-1.0,-1.0,2.333333333333333,initial
358,1,3.0,7,9.0,-1.0,2.333333333333333,1.2857142857142858,supercritical
358,2,7.0,9,12.0,2.333333333333333,1.2857142857142858,1.3333333333333333,supercritical
358,3,9.0,12,22.0,1.2857142857142858,1.3333333333333333,1.8333333333333333,supercritical
358,4,12.0,22,37.0,1.3333333333333333,1.8333333333333333,1.681818181818182,supercritical
358,5,22.0,37,52.0,1.8333333333333333,1.681818181818182,1.4054054054054057,supercritical
358,6,37.0,52,40.0,1.681818181818182,1.4054054054054057,0.7692307692307693,supercritical
358,7,52.0,40,30.0,1.4054054054054057,0.7692307692307693,0.75,extinguished
358,8,40.0,30,52.0,0.7692307692307693,0.75,1.7333333333333334,extinguished
358,9,30.0,52,33.0,0.75,1.7333333333333334,0.6346153846153846,supercritical
358,10,52.0,33,49.0,1.7333333333333334,0.6346153846153846,1.4848484848484849,extinguished
358,11,33.0,49,59.0,0.6346153846153846,1.4848484848484849,1.2040816326530612,supercritical
358,12,49.0,59,21.0,1.4848484848484849,1.2040816326530612,0.3559322033898305,supercritical
358,13,59.0,21,28.0,1.2040816326530612,0.3559322033898305,1.3333333333333333,extinguished
358,14,21.0,28,34.0,0.3559322033898305,1.3333333333333333,1.2142857142857142,supercritical
358,15,28.0,34,45.0,1.3333333333333333,1.2142857142857142,1.3235294117647058,supercritical
358,16,34.0,45,43.0,1.2142857142857142,1.3235294117647058,0.9555555555555556,supercritical
358,17,45.0,43,59.0,1.3235294117647058,0.9555555555555556,1.372093023255814,equilibrium
358,18,43.0,59,54.0,0.9555555555555556,1.372093023255814,0.9152542372881356,supercritical
358,19,59.0,54,-1.0,1.372093023255814,0.9152542372881356,-1.0,extinguished
359,0,-1.0,4,12.0,-1.0,-1.0,3.0,initial
359,1,4.0,12,25.0,-1.0,3.0,2.083333333333333,supercritical
359,2,12.0,25,25.0,3.0,2.083333333333333,1.0,supercritical
359,3,25.0,25,55.0,2.083333333333333,1.0,2.2,equilibrium
359,4,25.0,55,62.0,1.0,2.2,1.1272727272727272,supercritical
359,5,55.0,62,65.0,2.2,1.1272727272727272,1.0483870967741935,supercritical
359,6,62.0,65,44.0,1.1272727272727272,1.0483870967741935,0.676923076923077,equilibrium
359,7,65.0,44,37.0,1.0483870967741935,0.676923076923077,0.8409090909090909,extinguished
359,8,44.0,37,51.0,0.676923076923077,0.8409090909090909,1.3783783783783785,extinguished
359,9,37.0,51,58.0,0.8409090909090909,1.3783783783783785,1.1372549019607845,supercritical
359,10,51.0,58,53.0,1.3783783783783785,1.1372549019607845,0.913793103448276,supercritical
359,11,58.0,53,57.0,1.1372549019607845,0.913793103448276,1.0754716981132075,extinguished
359,12,53.0,57,41.0,0.913793103448276,1.0754716981132075,0.7192982456140351,supercritical
359,13,57.0,41,59.0,1.0754716981132075,0.7192982456140351,1.4390243902439024,extinguished
359,14,41.0,59,59.0,0.7192982456140351,1.4390243902439024,1.0,supercritical
359,15,59.0,59,58.0,1.4390243902439024,1.0,0.9830508474576272,equilibrium
359,16,59.0,58,54.0,1.0,0.9830508474576272,0.9310344827586208,equilibrium
359,17,58.0,54,51.0,0.9830508474576272,0.9310344827586208,0.9444444444444444,extinguished
359,18,54.0,51,59.0,0.9310344827586208,0.9444444444444444,1.156862745098039,extinguished
359,19,51.0,59,-1.0,0.9444444444444444,1.156862745098039,-1.0,supercritical
360,0,-1.0,3,3.0,-1.0,-1.0,1.0,initial
360,1,3.0,3,8.0,-1.0,1.0,2.6666666666666665,equilibrium
360,2,3.0,8,11.0,1.0,2.6666666666666665,1.375,supercritical
360,3,8.0,11,19.0,2.6666666666666665,1.375,1.7272727272727273,supercritical
360,4,11.0,19,33.0,1.375,1.7272727272727273,1.736842105263158,supercritical
360,5,19.0,33,52.0,1.7272727272727273,1.736842105263158,1.5757575757575757,supercritical
360,6,33.0,52,51.0,1.736842105263158,1.5757575757575757,0.9807692307692308,supercritical
360,7,52.0,51,60.0,1.5757575757575757,0.9807692307692308,1.1764705882352942,equilibrium
360,8,51.0,60,43.0,0.9807692307692308,1.1764705882352942,0.7166666666666667,supercritical
360,9,60.0,43,42.0,1.1764705882352942,0.7166666666666667,0.9767441860465116,extinguished
360,10,43.0,42,27.0,0.7166666666666667,0.9767441860465116,0.6428571428571429,equilibrium
360,11,42.0,27,30.0,0.9767441860465116,0.6428571428571429,1.1111111111111112,extinguished
360,12,27.0,30,40.0,0.6428571428571429,1.1111111111111112,1.3333333333333333,supercritical
360,13,30.0,40,31.0,1.1111111111111112,1.3333333333333333,0.775,supercritical
360,14,40.0,31,31.0,1.3333333333333333,0.775,1.0,extinguished
360,15,31.0,31,30.0,0.775,1.0,0.967741935483871,equilibrium
360,16,31.0,30,35.0,1.0,0.967741935483871,1.1666666666666667,equilibrium
360,17,30.0,35,36.0,0.967741935483871,1.1666666666666667,1.0285714285714285,supercritical
360,18,35.0,36,52.0,1.1666666666666667,1.0285714285714285,1.4444444444444444,equilibrium
360,19,36.0,52,-1.0,1.0285714285714285,1.4444444444444444,-1.0,supercritical
361,0,-1.0,2,8.0,-1.0,-1.0,4.0,initial
361,1,2.0,8,17.0,-1.0,4.0,2.125,supercritical
361,2,8.0,17,27.0,4.0,2.125,1.588235294117647,supercritical
361,3,17.0,27,29.0,2.125,1.588235294117647,1.0740740740740742,supercritical
361,4,27.0,29,39.0,1.588235294117647,1.0740740740740742,1.3448275862068966,supercritical
361,5,29.0,39,52.0,1.0740740740740742,1.3448275862068966,1.3333333333333333,supercritical
361,6,39.0,52,43.0,1.3448275862068966,1.3333333333333333,0.8269230769230769,supercritical
361,7,52.0,43,71.0,1.3333333333333333,0.8269230769230769,1.6511627906976745,extinguished
361,8,43.0,71,41.0,0.8269230769230769,1.6511627906976745,0.5774647887323944,supercritical
361,9,71.0,41,41.0,1.6511627906976745,0.5774647887323944,1.0,extinguished
361,10,41.0,41,50.0,0.5774647887323944,1.0,1.2195121951219512,equilibrium
361,11,41.0,50,46.0,1.0,1.2195121951219512,0.92,supercritical
361,12,50.0,46,58.0,1.2195121951219512,0.92,1.2608695652173914,extinguished
361,13,46.0,58,55.0,0.92,1.2608695652173914,0.9482758620689656,supercritical
361,14,58.0,55,44.0,1.2608695652173914,0.9482758620689656,0.8,extinguished
361,15,55.0,44,72.0,0.9482758620689656,0.8,1.6363636363636365,extinguished
361,16,44.0,72,33.0,0.8,1.6363636363636365,0.4583333333333333,supercritical
361,17,72.0,33,49.0,1.6363636363636365,0.4583333333333333,1.4848484848484849,extinguished
361,18,33.0,49,57.0,0.4583333333333333,1.4848484848484849,1.163265306122449,supercritical
361,19,49.0,57,-1.0,1.4848484848484849,1.163265306122449,-1.0,supercritical
362,0,-1.0,3,6.0,-1.0,-1.0,2.0,initial
362,1,3.0,6,14.0,-1.0,2.0,2.333333333333333,supercritical
362,2,6.0,14,29.0,2.0,2.333333333333333,2.071428571428572,supercritical
362,3,14.0,29,38.0,2.333333333333333,2.071428571428572,1.3103448275862069,supercritical
362,4,29.0,38,42.0,2.071428571428572,1.3103448275862069,1.105263157894737,supercritical
362,5,38.0,42,54.0,1.3103448275862069,1.105263157894737,1.2857142857142858,supercritical
362,6,42.0,54,68.0,1.105263157894737,1.2857142857142858,1.2592592592592593,supercritical
362,7,54.0,68,50.0,1.2857142857142858,1.2592592592592593,0.7352941176470589,supercritical
362,8,68.0,50,26.0,1.2592592592592593,0.7352941176470589,0.52,extinguished
362,9,50.0,26,33.0,0.7352941176470589,0.52,1.2692307692307692,extinguished
362,10,26.0,33,58.0,0.52,1.2692307692307692,1.7575757575757576,supercritical
362,11,33.0,58,58.0,1.2692307692307692,1.7575757575757576,1.0,supercritical
362,12,58.0,58,71.0,1.7575757575757576,1.0,1.2241379310344829,equilibrium
362,13,58.0,71,59.0,1.0,1.2241379310344829,0.8309859154929577,supercritical
362,14,71.0,59,50.0,1.2241379310344829,0.8309859154929577,0.847457627118644,extinguished
362,15,59.0,50,69.0,0.8309859154929577,0.847457627118644,1.38,extinguished
362,16,50.0,69,47.0,0.847457627118644,1.38,0.6811594202898551,supercritical
362,17,69.0,47,61.0,1.38,0.6811594202898551,1.297872340425532,extinguished
362,18,47.0,61,47.0,0.6811594202898551,1.297872340425532,0.7704918032786885,supercritical
362,19,61.0,47,-1.0,1.297872340425532,0.7704918032786885,-1.0,extinguished
363,0,-1.0,2,9.0,-1.0,-1.0,4.5,initial
363,1,2.0,9,9.0,-1.0,4.5,1.0,supercritical
363,2,9.0,9,10.0,4.5,1.0,1.1111111111111112,equilibrium
363,3,9.0,10,18.0,1.0,1.1111111111111112,1.8,supercritical
363,4,10.0,18,34.0,1.1111111111111112,1.8,1.8888888888888888,supercritical
363,5,18.0,34,45.0,1.8,1.8888888888888888,1.3235294117647058,supercritical
363,6,34.0,45,50.0,1.8888888888888888,1.3235294117647058,1.1111111111111112,supercritical
363,7,45.0,50,60.0,1.3235294117647058,1.1111111111111112,1.2,supercritical
363,8,50.0,60,43.0,1.1111111111111112,1.2,0.7166666666666667,supercritical
363,9,60.0,43,56.0,1.2,0.7166666666666667,1.302325581395349,extinguished
363,10,43.0,56,52.0,0.7166666666666667,1.302325581395349,0.9285714285714286,supercritical
363,11,56.0,52,45.0,1.302325581395349,0.9285714285714286,0.8653846153846154,extinguished
363,12,52.0,45,38.0,0.9285714285714286,0.8653846153846154,0.8444444444444444,extinguished
363,13,45.0,38,54.0,0.8653846153846154,0.8444444444444444,1.4210526315789471,extinguished
363,14,38.0,54,38.0,0.8444444444444444,1.4210526315789471,0.7037037037037037,supercritical
363,15,54.0,38,41.0,1.4210526315789471,0.7037037037037037,1.0789473684210529,extinguished
363,16,38.0,41,32.0,0.7037037037037037,1.0789473684210529,0.7804878048780488,supercritical
363,17,41.0,32,40.0,1.0789473684210529,0.7804878048780488,1.25,extinguished
363,18,32.0,40,30.0,0.7804878048780488,1.25,0.75,supercritical
363,19,40.0,30,-1.0,1.25,0.75,-1.0,extinguished
364,0,-1.0,4,5.0,-1.0,-1.0,1.25,initial
364,1,4.0,5,7.0,-1.0,1.25,1.4,supercritical
364,2,5.0,7,9.0,1.25,1.4,1.2857142857142858,supercritical
364,3,7.0,9,12.0,1.4,1.2857142857142858,1.3333333333333333,supercritical
364,4,9.0,12,25.0,1.2857142857142858,1.3333333333333333,2.083333333333333,supercritical
364,5,12.0,25,27.0,1.3333333333333333,2.083333333333333,1.08,supercritical
364,6,25.0,27,49.0,2.083333333333333,1.08,1.8148148148148149,supercritical
364,7,27.0,49,33.0,1.08,1.8148148148148149,0.673469387755102,supercritical
364,8,49.0,33,36.0,1.8148148148148149,0.673469387755102,1.0909090909090908,extinguished
364,9,33.0,36,44.0,0.673469387755102,1.0909090909090908,1.2222222222222223,supercritical
364,10,36.0,44,49.0,1.0909090909090908,1.2222222222222223,1.1136363636363635,supercritical
364,11,44.0,49,50.0,1.2222222222222223,1.1136363636363635,1.020408163265306,supercritical
364,12,49.0,50,71.0,1.1136363636363635,1.020408163265306,1.42,equilibrium
364,13,50.0,71,32.0,1.020408163265306,1.42,0.4507042253521127,supercritical
364,14,71.0,32,37.0,1.42,0.4507042253521127,1.15625,extinguished
364,15,32.0,37,56.0,0.4507042253521127,1.15625,1.5135135135135136,supercritical
364,16,37.0,56,43.0,1.15625,1.5135135135135136,0.7678571428571429,supercritical
364,17,56.0,43,42.0,1.5135135135135136,0.7678571428571429,0.9767441860465116,extinguished
364,18,43.0,42,54.0,0.7678571428571429,0.9767441860465116,1.2857142857142858,equilibrium
364,19,42.0,54,-1.0,0.9767441860465116,1.2857142857142858,-1.0,supercritical
365,0,-1.0,5,12.0,-1.0,-1.0,2.4,initial
365,1,5.0,12,23.0,-1.0,2.4,1.9166666666666667,supercritical
365,2,12.0,23,43.0,2.4,1.9166666666666667,1.8695652173913044,supercritical
365,3,23.0,43,53.0,1.9166666666666667,1.8695652173913044,1.2325581395348837,supercritical
365,4,43.0,53,50.0,1.8695652173913044,1.2325581395348837,0.9433962264150944,supercritical
365,5,53.0,50,62.0,1.2325581395348837,0.9433962264150944,1.24,extinguished
365,6,50.0,62,52.0,0.9433962264150944,1.24,0.8387096774193549,supercritical
365,7,62.0,52,40.0,1.24,0.8387096774193549,0.7692307692307693,extinguished
365,8,52.0,40,56.0,0.8387096774193549,0.7692307692307693,1.4,extinguished
365,9,40.0,56,34.0,0.7692307692307693,1.4,0.6071428571428571,supercritical
365,10,56.0,34,40.0,1.4,0.6071428571428571,1.1764705882352942,extinguished
365,11,34.0,40,45.0,0.6071428571428571,1.1764705882352942,1.125,supercritical
365,12,40.0,45,56.0,1.1764705882352942,1.125,1.2444444444444445,supercritical
365,13,45.0,56,52.0,1.125,1.2444444444444445,0.9285714285714286,supercritical
365,14,56.0,52,62.0,1.2444444444444445,0.9285714285714286,1.1923076923076923,extinguished
365,15,52.0,62,56.0,0.9285714285714286,1.1923076923076923,0.9032258064516128,supercritical
365,16,62.0,56,52.0,1.1923076923076923,0.9032258064516128,0.9285714285714286,extinguished
365,17,56.0,52,65.0,0.9032258064516128,0.9285714285714286,1.25,extinguished
365,18,52.0,65,46.0,0.9285714285714286,1.25,0.7076923076923077,supercritical
365,19,65.0,46,-1.0,1.25,0.7076923076923077,-1.0,extinguished
366,0,-1.0,1,4.0,-1.0,-1.0,4.0,initial
366,1,1.0,4,14.0,-1.0,4.0,3.5,supercritical
366,2,4.0,14,19.0,4.0,3.5,1.3571428571428572,supercritical
366,3,14.0,19,46.0,3.5,1.3571428571428572,2.421052631578948,supercritical
366,4,19.0,46,59.0,1.3571428571428572,2.421052631578948,1.2826086956521738,supercritical
366,5,46.0,59,50.0,2.421052631578948,1.2826086956521738,0.847457627118644,supercritical
366,6,59.0,50,64.0,1.2826086956521738,0.847457627118644,1.28,extinguished
366,7,50.0,64,63.0,0.847457627118644,1.28,0.984375,supercritical
366,8,64.0,63,68.0,1.28,0.984375,1.0793650793650793,equilibrium
366,9,63.0,68,47.0,0.984375,1.0793650793650793,0.6911764705882353,supercritical
366,10,68.0,47,46.0,1.0793650793650793,0.6911764705882353,0.9787234042553192,extinguished
366,11,47.0,46,45.0,0.6911764705882353,0.9787234042553192,0.9782608695652174,equilibrium
366,12,46.0,45,67.0,0.9787234042553192,0.9782608695652174,1.488888888888889,equilibrium
366,13,45.0,67,43.0,0.9782608695652174,1.488888888888889,0.6417910447761194,supercritical
366,14,67.0,43,44.0,1.488888888888889,0.6417910447761194,1.0232558139534884,extinguished
366,15,43.0,44,46.0,0.6417910447761194,1.0232558139534884,1.0454545454545454,equilibrium
366,16,44.0,46,44.0,1.0232558139534884,1.0454545454545454,0.9565217391304348,equilibrium
366,17,46.0,44,51.0,1.0454545454545454,0.9565217391304348,1.1590909090909092,equilibrium
366,18,44.0,51,51.0,0.9565217391304348,1.1590909090909092,1.0,supercritical
366,19,51.0,51,-1.0,1.1590909090909092,1.0,-1.0,equilibrium
367,0,-1.0,4,9.0,-1.0,-1.0,2.25,initial
367,1,4.0,9,16.0,-1.0,2.25,1.7777777777777777,supercritical
367,2,9.0,16,28.0,2.25,1.7777777777777777,1.75,supercritical
367,3,16.0,28,57.0,1.7777777777777777,1.75,2.0357142857142856,supercritical
367,4,28.0,57,53.0,1.75,2.0357142857142856,0.9298245614035088,supercritical
367,5,57.0,53,55.0,2.0357142857142856,0.9298245614035088,1.0377358490566038,extinguished
367,6,53.0,55,49.0,0.9298245614035088,1.0377358490566038,0.8909090909090909,equilibrium
367,7,55.0,49,55.0,1.0377358490566038,0.8909090909090909,1.1224489795918366,extinguished
367,8,49.0,55,62.0,0.8909090909090909,1.1224489795918366,1.1272727272727272,supercritical
367,9,55.0,62,38.0,1.1224489795918366,1.1272727272727272,0.6129032258064516,supercritical
367,10,62.0,38,57.0,1.1272727272727272,0.6129032258064516,1.5,extinguished
367,11,38.0,57,64.0,0.6129032258064516,1.5,1.1228070175438596,supercritical
367,12,57.0,64,65.0,1.5,1.1228070175438596,1.015625,supercritical
367,13,64.0,65,47.0,1.1228070175438596,1.015625,0.7230769230769231,equilibrium
367,14,65.0,47,43.0,1.015625,0.7230769230769231,0.9148936170212766,extinguished
367,15,47.0,43,38.0,0.7230769230769231,0.9148936170212766,0.8837209302325582,extinguished
367,16,43.0,38,42.0,0.9148936170212766,0.8837209302325582,1.105263157894737,extinguished
367,17,38.0,42,45.0,0.8837209302325582,1.105263157894737,1.0714285714285714,supercritical
367,18,42.0,45,48.0,1.105263157894737,1.0714285714285714,1.0666666666666669,supercritical
367,19,45.0,48,-1.0,1.0714285714285714,1.0666666666666669,-1.0,supercritical
368,0,-1.0,1,3.0,-1.0,-1.0,3.0,initial
368,1,1.0,3,6.0,-1.0,3.0,2.0,supercritical
368,2,3.0,6,9.0,3.0,2.0,1.5,supercritical
368,3,6.0,9,10.0,2.0,1.5,1.1111111111111112,supercritical
368,4,9.0,10,22.0,1.5,1.1111111111111112,2.2,supercritical
368,5,10.0,22,27.0,1.1111111111111112,2.2,1.2272727272727273,supercritical
368,6,22.0,27,26.0,2.2,1.2272727272727273,0.9629629629629628,supercritical
368,7,27.0,26,29.0,1.2272727272727273,0.9629629629629628,1.1153846153846154,equilibrium
368,8,26.0,29,40.0,0.9629629629629628,1.1153846153846154,1.3793103448275863,supercritical
368,9,29.0,40,57.0,1.1153846153846154,1.3793103448275863,1.425,supercritical
368,10,40.0,57,44.0,1.3793103448275863,1.425,0.7719298245614035,supercritical
368,11,57.0,44,53.0,1.425,0.7719298245614035,1.2045454545454546,extinguished
368,12,44.0,53,47.0,0.7719298245614035,1.2045454545454546,0.8867924528301887,supercritical
368,13,53.0,47,55.0,1.2045454545454546,0.8867924528301887,1.1702127659574468,extinguished
368,14,47.0,55,42.0,0.8867924528301887,1.1702127659574468,0.7636363636363637,supercritical
368,15,55.0,42,59.0,1.1702127659574468,0.7636363636363637,1.4047619047619049,extinguished
368,16,42.0,59,34.0,0.7636363636363637,1.4047619047619049,0.576271186440678,supercritical
368,17,59.0,34,41.0,1.4047619047619049,0.576271186440678,1.2058823529411764,extinguished
368,18,34.0,41,40.0,0.576271186440678,1.2058823529411764,0.975609756097561,supercritical
368,19,41.0,40,-1.0,1.2058823529411764,0.975609756097561,-1.0,equilibrium
369,0,-1.0,5,12.0,-1.0,-1.0,2.4,initial
369,1,5.0,12,17.0,-1.0,2.4,1.4166666666666667,supercritical
369,2,12.0,17,30.0,2.4,1.4166666666666667,1.7647058823529411,supercritical
369,3,17.0,30,36.0,1.4166666666666667,1.7647058823529411,1.2,supercritical
369,4,30.0,36,63.0,1.7647058823529411,1.2,1.75,supercritical
369,5,36.0,63,55.0,1.2,1.75,0.873015873015873,supercritical
369,6,63.0,55,57.0,1.75,0.873015873015873,1.0363636363636364,extinguished
369,7,55.0,57,79.0,0.873015873015873,1.0363636363636364,1.3859649122807018,equilibrium
369,8,57.0,79,20.0,1.0363636363636364,1.3859649122807018,0.2531645569620253,supercritical
369,9,79.0,20,30.0,1.3859649122807018,0.2531645569620253,1.5,extinguished
369,10,20.0,30,31.0,0.2531645569620253,1.5,1.0333333333333334,supercritical
369,11,30.0,31,49.0,1.5,1.0333333333333334,1.5806451612903225,equilibrium
369,12,31.0,49,60.0,1.0333333333333334,1.5806451612903225,1.2244897959183674,supercritical
369,13,49.0,60,60.0,1.5806451612903225,1.2244897959183674,1.0,supercritical
369,14,60.0,60,70.0,1.2244897959183674,1.0,1.1666666666666667,equilibrium
369,15,60.0,70,52.0,1.0,1.1666666666666667,0.7428571428571429,supercritical
369,16,70.0,52,53.0,1.1666666666666667,0.7428571428571429,1.0192307692307692,extinguished
369,17,52.0,53,52.0,0.7428571428571429,1.0192307692307692,0.981132075471698,equilibrium
369,18,53.0,52,66.0,1.0192307692307692,0.981132075471698,1.2692307692307692,equilibrium
369,19,52.0,66,-1.0,0.981132075471698,1.2692307692307692,-1.0,supercritical
370,0,-1.0,2,5.0,-1.0,-1.0,2.5,initial
370,1,2.0,5,12.0,-1.0,2.5,2.4,supercritical
370,2,5.0,12,19.0,2.5,2.4,1.5833333333333333,supercritical
370,3,12.0,19,33.0,2.4,1.5833333333333333,1.736842105263158,supercritical
370,4,19.0,33,54.0,1.5833333333333333,1.736842105263158,1.6363636363636365,supercritical
370,5,33.0,54,32.0,1.736842105263158,1.6363636363636365,0.5925925925925926,supercritical
370,6,54.0,32,53.0,1.6363636363636365,0.5925925925925926,1.65625,extinguished
370,7,32.0,53,46.0,0.5925925925925926,1.65625,0.8679245283018868,supercritical
370,8,53.0,46,47.0,1.65625,0.8679245283018868,1.0217391304347827,extinguished
370,9,46.0,47,40.0,0.8679245283018868,1.0217391304347827,0.851063829787234,equilibrium
370,10,47.0,40,50.0,1.0217391304347827,0.851063829787234,1.25,extinguished
370,11,40.0,50,64.0,0.851063829787234,1.25,1.28,supercritical
370,12,50.0,64,60.0,1.25,1.28,0.9375,supercritical
370,13,64.0,60,35.0,1.28,0.9375,0.5833333333333334,extinguished
370,14,60.0,35,36.0,0.9375,0.5833333333333334,1.0285714285714285,extinguished
370,15,35.0,36,45.0,0.5833333333333334,1.0285714285714285,1.25,equilibrium
370,16,36.0,45,37.0,1.0285714285714285,1.25,0.8222222222222222,supercritical
370,17,45.0,37,46.0,1.25,0.8222222222222222,1.2432432432432432,extinguished
370,18,37.0,46,54.0,0.8222222222222222,1.2432432432432432,1.173913043478261,supercritical
370,19,46.0,54,-1.0,1.2432432432432432,1.173913043478261,-1.0,supercritical
371,0,-1.0,5,5.0,-1.0,-1.0,1.0,initial
371,1,5.0,5,14.0,-1.0,1.0,2.8,equilibrium
371,2,5.0,14,31.0,1.0,2.8,2.2142857142857144,supercritical
371,3,14.0,31,42.0,2.8,2.2142857142857144,1.3548387096774193,supercritical
371,4,31.0,42,43.0,2.2142857142857144,1.3548387096774193,1.0238095238095235,supercritical
371,5,42.0,43,51.0,1.3548387096774193,1.0238095238095235,1.186046511627907,equilibrium
371,6,43.0,51,41.0,1.0238095238095235,1.186046511627907,0.803921568627451,supercritical
371,7,51.0,41,30.0,1.186046511627907,0.803921568627451,0.7317073170731707,extinguished
371,8,41.0,30,49.0,0.803921568627451,0.7317073170731707,1.6333333333333333,extinguished
371,9,30.0,49,53.0,0.7317073170731707,1.6333333333333333,1.0816326530612246,supercritical
371,10,49.0,53,55.0,1.6333333333333333,1.0816326530612246,1.0377358490566038,supercritical
371,11,53.0,55,50.0,1.0816326530612246,1.0377358490566038,0.9090909090909092,equilibrium
371,12,55.0,50,54.0,1.0377358490566038,0.9090909090909092,1.08,extinguished
371,13,50.0,54,43.0,0.9090909090909092,1.08,0.7962962962962963,supercritical
371,14,54.0,43,43.0,1.08,0.7962962962962963,1.0,extinguished
371,15,43.0,43,58.0,0.7962962962962963,1.0,1.3488372093023255,equilibrium
371,16,43.0,58,27.0,1.0,1.3488372093023255,0.4655172413793103,supercritical
371,17,58.0,27,36.0,1.3488372093023255,0.4655172413793103,1.3333333333333333,extinguished
371,18,27.0,36,35.0,0.4655172413793103,1.3333333333333333,0.9722222222222222,supercritical
371,19,36.0,35,-1.0,1.3333333333333333,0.9722222222222222,-1.0,equilibrium
372,0,-1.0,5,16.0,-1.0,-1.0,3.2,initial
372,1,5.0,16,28.0,-1.0,3.2,1.75,supercritical
372,2,16.0,28,37.0,3.2,1.75,1.3214285714285714,supercritical
372,3,28.0,37,67.0,1.75,1.3214285714285714,1.8108108108108107,supercritical
372,4,37.0,67,30.0,1.3214285714285714,1.8108108108108107,0.4477611940298507,supercritical
372,5,67.0,30,33.0,1.8108108108108107,0.4477611940298507,1.1,extinguished
372,6,30.0,33,38.0,0.4477611940298507,1.1,1.1515151515151516,supercritical
372,7,33.0,38,69.0,1.1,1.1515151515151516,1.8157894736842104,supercritical
372,8,38.0,69,48.0,1.1515151515151516,1.8157894736842104,0.6956521739130435,supercritical
372,9,69.0,48,45.0,1.8157894736842104,0.6956521739130435,0.9375,extinguished
372,10,48.0,45,55.0,0.6956521739130435,0.9375,1.2222222222222223,extinguished
372,11,45.0,55,64.0,0.9375,1.2222222222222223,1.1636363636363636,supercritical
372,12,55.0,64,35.0,1.2222222222222223,1.1636363636363636,0.546875,supercritical
372,13,64.0,35,47.0,1.1636363636363636,0.546875,1.3428571428571427,extinguished
372,14,35.0,47,52.0,0.546875,1.3428571428571427,1.1063829787234043,supercritical
372,15,47.0,52,42.0,1.3428571428571427,1.1063829787234043,0.8076923076923077,supercritical
372,16,52.0,42,48.0,1.1063829787234043,0.8076923076923077,1.1428571428571428,extinguished
372,17,42.0,48,39.0,0.8076923076923077,1.1428571428571428,0.8125,supercritical
372,18,48.0,39,32.0,1.1428571428571428,0.8125,0.8205128205128205,extinguished
372,19,39.0,32,-1.0,0.8125,0.8205128205128205,-1.0,extinguished
373,0,-1.0,4,12.0,-1.0,-1.0,3.0,initial
373,1,4.0,12,28.0,-1.0,3.0,2.333333333333333,supercritical
373,2,12.0,28,46.0,3.0,2.333333333333333,1.6428571428571428,supercritical
373,3,28.0,46,57.0,2.333333333333333,1.6428571428571428,1.2391304347826086,supercritical
373,4,46.0,57,46.0,1.6428571428571428,1.2391304347826086,0.8070175438596491,supercritical
373,5,57.0,46,49.0,1.2391304347826086,0.8070175438596491,1.065217391304348,extinguished
373,6,46.0,49,51.0,0.8070175438596491,1.065217391304348,1.0408163265306123,supercritical
373,7,49.0,51,46.0,1.065217391304348,1.0408163265306123,0.9019607843137256,equilibrium
373,8,51.0,46,39.0,1.0408163265306123,0.9019607843137256,0.8478260869565217,extinguished
373,9,46.0,39,52.0,0.9019607843137256,0.8478260869565217,1.3333333333333333,extinguished
373,10,39.0,52,44.0,0.8478260869565217,1.3333333333333333,0.8461538461538461,supercritical
373,11,52.0,44,52.0,1.3333333333333333,0.8461538461538461,1.181818181818182,extinguished
373,12,44.0,52,60.0,0.8461538461538461,1.181818181818182,1.1538461538461535,supercritical
373,13,52.0,60,40.0,1.181818181818182,1.1538461538461535,0.6666666666666666,supercritical
373,14,60.0,40,60.0,1.1538461538461535,0.6666666666666666,1.5,extinguished
373,15,40.0,60,69.0,0.6666666666666666,1.5,1.15,supercritical
373,16,60.0,69,66.0,1.5,1.15,0.9565217391304348,supercritical
373,17,69.0,66,45.0,1.15,0.9565217391304348,0.6818181818181818,equilibrium
373,18,66.0,45,51.0,0.9565217391304348,0.6818181818181818,1.1333333333333333,extinguished
373,19,45.0,51,-1.0,0.6818181818181818,1.1333333333333333,-1.0,supercritical
374,0,-1.0,4,6.0,-1.0,-1.0,1.5,initial
374,1,4.0,6,7.0,-1.0,1.5,1.1666666666666667,supercritical
374,2,6.0,7,14.0,1.5,1.1666666666666667,2.0,supercritical
374,3,7.0,14,15.0,1.1666666666666667,2.0,1.0714285714285714,supercritical
374,4,14.0,15,24.0,2.0,1.0714285714285714,1.6,supercritical
374,5,15.0,24,23.0,1.0714285714285714,1.6,0.9583333333333334,supercritical
374,6,24.0,23,40.0,1.6,0.9583333333333334,1.7391304347826086,equilibrium
374,7,23.0,40,50.0,0.9583333333333334,1.7391304347826086,1.25,supercritical
374,8,40.0,50,39.0,1.7391304347826086,1.25,0.78,supercritical
374,9,50.0,39,44.0,1.25,0.78,1.1282051282051282,extinguished
374,10,39.0,44,45.0,0.78,1.1282051282051282,1.0227272727272727,supercritical
374,11,44.0,45,50.0,1.1282051282051282,1.0227272727272727,1.1111111111111112,equilibrium
374,12,45.0,50,43.0,1.0227272727272727,1.1111111111111112,0.86,supercritical
374,13,50.0,43,47.0,1.1111111111111112,0.86,1.0930232558139534,extinguished
374,14,43.0,47,54.0,0.86,1.0930232558139534,1.148936170212766,supercritical
374,15,47.0,54,50.0,1.0930232558139534,1.148936170212766,0.925925925925926,supercritical
374,16,54.0,50,36.0,1.148936170212766,0.925925925925926,0.72,extinguished
374,17,50.0,36,48.0,0.925925925925926,0.72,1.3333333333333333,extinguished
374,18,36.0,48,48.0,0.72,1.3333333333333333,1.0,supercritical
374,19,48.0,48,-1.0,1.3333333333333333,1.0,-1.0,equilibrium
375,0,-1.0,4,6.0,-1.0,-1.0,1.5,initial
375,1,4.0,6,22.0,-1.0,1.5,3.6666666666666665,supercritical
375,2,6.0,22,44.0,1.5,3.6666666666666665,2.0,supercritical
375,3,22.0,44,58.0,3.6666666666666665,2.0,1.318181818181818,supercritical
375,4,44.0,58,48.0,2.0,1.318181818181818,0.8275862068965517,supercritical
375,5,58.0,48,58.0,1.318181818181818,0.8275862068965517,1.2083333333333333,extinguished
375,6,48.0,58,42.0,0.8275862068965517,1.2083333333333333,0.7241379310344828,supercritical
375,7,58.0,42,40.0,1.2083333333333333,0.7241379310344828,0.9523809523809524,extinguished
375,8,42.0,40,63.0,0.7241379310344828,0.9523809523809524,1.575,equilibrium
375,9,40.0,63,41.0,0.9523809523809524,1.575,0.6507936507936508,supercritical
375,10,63.0,41,46.0,1.575,0.6507936507936508,1.1219512195121952,extinguished
375,11,41.0,46,51.0,0.6507936507936508,1.1219512195121952,1.108695652173913,supercritical
375,12,46.0,51,53.0,1.1219512195121952,1.108695652173913,1.03921568627451,supercritical
375,13,51.0,53,47.0,1.108695652173913,1.03921568627451,0.8867924528301887,equilibrium
375,14,53.0,47,49.0,1.03921568627451,0.8867924528301887,1.0425531914893618,extinguished
375,15,47.0,49,44.0,0.8867924528301887,1.0425531914893618,0.8979591836734694,equilibrium
375,16,49.0,44,54.0,1.0425531914893618,0.8979591836734694,1.2272727272727273,extinguished
375,17,44.0,54,54.0,0.8979591836734694,1.2272727272727273,1.0,supercritical
375,18,54.0,54,65.0,1.2272727272727273,1.0,1.2037037037037035,equilibrium
375,19,54.0,65,-1.0,1.0,1.2037037037037035,-1.0,supercritical
376,0,-1.0,1,1.0,-1.0,-1.0,1.0,initial
376,1,1.0,1,1.0,-1.0,1.0,1.0,equilibrium
376,2,1.0,1,1.0,1.0,1.0,1.0,equilibrium
376,3,1.0,1,2.0,1.0,1.0,2.0,equilibrium
376,4,1.0,2,3.0,1.0,2.0,1.5,supercritical
376,5,2.0,3,8.0,2.0,1.5,2.6666666666666665,supercritical
376,6,3.0,8,9.0,1.5,2.6666666666666665,1.125,supercritical
376,7,8.0,9,18.0,2.6666666666666665,1.125,2.0,supercritical
376,8,9.0,18,27.0,1.125,2.0,1.5,supercritical
376,9,18.0,27,37.0,2.0,1.5,1.3703703703703705,supercritical
376,10,27.0,37,41.0,1.5,1.3703703703703705,1.108108108108108,supercritical
376,11,37.0,41,71.0,1.3703703703703705,1.108108108108108,1.7317073170731707,supercritical
376,12,41.0,71,30.0,1.108108108108108,1.7317073170731707,0.4225352112676056,supercritical
376,13,71.0,30,47.0,1.7317073170731707,0.4225352112676056,1.5666666666666669,extinguished
376,14,30.0,47,22.0,0.4225352112676056,1.5666666666666669,0.4680851063829787,supercritical
376,15,47.0,22,31.0,1.5666666666666669,0.4680851063829787,1.4090909090909092,extinguished
376,16,22.0,31,30.0,0.4680851063829787,1.4090909090909092,0.967741935483871,supercritical
376,17,31.0,30,47.0,1.4090909090909092,0.967741935483871,1.5666666666666669,equilibrium
376,18,30.0,47,50.0,0.967741935483871,1.5666666666666669,1.0638297872340423,supercritical
376,19,47.0,50,-1.0,1.5666666666666669,1.0638297872340423,-1.0,supercritical
377,0,-1.0,4,11.0,-1.0,-1.0,2.75,initial
377,1,4.0,11,23.0,-1.0,2.75,2.090909090909091,supercritical
377,2,11.0,23,38.0,2.75,2.090909090909091,1.6521739130434785,supercritical
377,3,23.0,38,52.0,2.090909090909091,1.6521739130434785,1.368421052631579,supercritical
377,4,38.0,52,68.0,1.6521739130434785,1.368421052631579,1.3076923076923077,supercritical
377,5,52.0,68,41.0,1.368421052631579,1.3076923076923077,0.6029411764705882,supercritical
377,6,68.0,41,48.0,1.3076923076923077,0.6029411764705882,1.170731707317073,extinguished
377,7,41.0,48,51.0,0.6029411764705882,1.170731707317073,1.0625,supercritical
377,8,48.0,51,48.0,1.170731707317073,1.0625,0.9411764705882352,supercritical
377,9,51.0,48,46.0,1.0625,0.9411764705882352,0.9583333333333334,extinguished
377,10,48.0,46,52.0,0.9411764705882352,0.9583333333333334,1.1304347826086956,equilibrium
377,11,46.0,52,59.0,0.9583333333333334,1.1304347826086956,1.1346153846153846,supercritical
377,12,52.0,59,49.0,1.1304347826086956,1.1346153846153846,0.8305084745762712,supercritical
377,13,59.0,49,45.0,1.1346153846153846,0.8305084745762712,0.9183673469387756,extinguished
377,14,49.0,45,66.0,0.8305084745762712,0.9183673469387756,1.4666666666666666,extinguished
377,15,45.0,66,34.0,0.9183673469387756,1.4666666666666666,0.5151515151515151,supercritical
377,16,66.0,34,46.0,1.4666666666666666,0.5151515151515151,1.3529411764705883,extinguished
377,17,34.0,46,53.0,0.5151515151515151,1.3529411764705883,1.1521739130434785,supercritical
377,18,46.0,53,59.0,1.3529411764705883,1.1521739130434785,1.1132075471698113,supercritical
377,19,53.0,59,-1.0,1.1521739130434785,1.1132075471698113,-1.0,supercritical
378,0,-1.0,1,0.0,-1.0,-1.0,0.0,initial
378,1,1.0,0,0.0,-1.0,0.0,0.0,extinguished
378,2,0.0,0,0.0,0.0,0.0,0.0,extinguished
378,3,0.0,0,0.0,0.0,0.0,0.0,extinguished
378,4,0.0,0,0.0,0.0,0.0,0.0,extinguished
378,5,0.0,0,0.0,0.0,0.0,0.0,extinguished
378,6,0.0,0,0.0,0.0,0.0,0.0,extinguished
378,7,0.0,0,0.0,0.0,0.0,0.0,extinguished
378,8,0.0,0,0.0,0.0,0.0,0.0,extinguished
378,9,0.0,0,0.0,0.0,0.0,0.0,extinguished
378,10,0.0,0,0.0,0.0,0.0,0.0,extinguished
378,11,0.0,0,0.0,0.0,0.0,0.0,extinguished
378,12,0.0,0,0.0,0.0,0.0,0.0,extinguished
378,13,0.0,0,0.0,0.0,0.0,0.0,extinguished
378,14,0.0,0,0.0,0.0,0.0,0.0,extinguished
378,15,0.0,0,0.0,0.0,0.0,0.0,extinguished
378,16,0.0,0,0.0,0.0,0.0,0.0,extinguished
378,17,0.0,0,0.0,0.0,0.0,0.0,extinguished
378,18,0.0,0,0.0,0.0,0.0,0.0,extinguished
378,19,0.0,0,-1.0,0.0,0.0,-1.0,extinguished
379,0,-1.0,5,6.0,-1.0,-1.0,1.2,initial
379,1,5.0,6,13.0,-1.0,1.2,2.1666666666666665,supercritical
379,2,6.0,13,31.0,1.2,2.1666666666666665,2.3846153846153846,supercritical
379,3,13.0,31,55.0,2.1666666666666665,2.3846153846153846,1.7741935483870968,supercritical
379,4,31.0,55,73.0,2.3846153846153846,1.7741935483870968,1.3272727272727274,supercritical
379,5,55.0,73,26.0,1.7741935483870968,1.3272727272727274,0.3561643835616438,supercritical
379,6,73.0,26,32.0,1.3272727272727274,0.3561643835616438,1.2307692307692308,extinguished
379,7,26.0,32,39.0,0.3561643835616438,1.2307692307692308,1.21875,supercritical
379,8,32.0,39,46.0,1.2307692307692308,1.21875,1.1794871794871795,supercritical
379,9,39.0,46,45.0,1.21875,1.1794871794871795,0.9782608695652174,supercritical
379,10,46.0,45,41.0,1.1794871794871795,0.9782608695652174,0.9111111111111112,equilibrium
379,11,45.0,41,42.0,0.9782608695652174,0.9111111111111112,1.024390243902439,extinguished
379,12,41.0,42,57.0,0.9111111111111112,1.024390243902439,1.3571428571428572,equilibrium
379,13,42.0,57,44.0,1.024390243902439,1.3571428571428572,0.7719298245614035,supercritical
379,14,57.0,44,56.0,1.3571428571428572,0.7719298245614035,1.2727272727272727,extinguished
379,15,44.0,56,55.0,0.7719298245614035,1.2727272727272727,0.9821428571428572,supercritical
379,16,56.0,55,48.0,1.2727272727272727,0.9821428571428572,0.8727272727272727,equilibrium
379,17,55.0,48,51.0,0.9821428571428572,0.8727272727272727,1.0625,extinguished
379,18,48.0,51,56.0,0.8727272727272727,1.0625,1.0980392156862746,supercritical
379,19,51.0,56,-1.0,1.0625,1.0980392156862746,-1.0,supercritical
380,0,-1.0,2,4.0,-1.0,-1.0,2.0,initial
380,1,2.0,4,12.0,-1.0,2.0,3.0,supercritical
380,2,4.0,12,20.0,2.0,3.0,1.6666666666666667,supercritical
380,3,12.0,20,45.0,3.0,1.6666666666666667,2.25,supercritical
380,4,20.0,45,52.0,1.6666666666666667,2.25,1.1555555555555554,supercritical
380,5,45.0,52,55.0,2.25,1.1555555555555554,1.0576923076923077,supercritical
380,6,52.0,55,34.0,1.1555555555555554,1.0576923076923077,0.6181818181818182,supercritical
380,7,55.0,34,37.0,1.0576923076923077,0.6181818181818182,1.088235294117647,extinguished
380,8,34.0,37,38.0,0.6181818181818182,1.088235294117647,1.027027027027027,supercritical
380,9,37.0,38,50.0,1.088235294117647,1.027027027027027,1.3157894736842106,equilibrium
380,10,38.0,50,42.0,1.027027027027027,1.3157894736842106,0.84,supercritical
380,11,50.0,42,53.0,1.3157894736842106,0.84,1.261904761904762,extinguished
380,12,42.0,53,57.0,0.84,1.261904761904762,1.0754716981132075,supercritical
380,13,53.0,57,59.0,1.261904761904762,1.0754716981132075,1.0350877192982455,supercritical
380,14,57.0,59,39.0,1.0754716981132075,1.0350877192982455,0.6610169491525424,equilibrium
380,15,59.0,39,45.0,1.0350877192982455,0.6610169491525424,1.1538461538461535,extinguished
380,16,39.0,45,65.0,0.6610169491525424,1.1538461538461535,1.4444444444444444,supercritical
380,17,45.0,65,67.0,1.1538461538461535,1.4444444444444444,1.0307692307692309,supercritical
380,18,65.0,67,36.0,1.4444444444444444,1.0307692307692309,0.5373134328358209,equilibrium
380,19,67.0,36,-1.0,1.0307692307692309,0.5373134328358209,-1.0,extinguished
381,0,-1.0,5,11.0,-1.0,-1.0,2.2,initial
381,1,5.0,11,24.0,-1.0,2.2,2.1818181818181817,supercritical
381,2,11.0,24,45.0,2.2,2.1818181818181817,1.875,supercritical
381,3,24.0,45,52.0,2.1818181818181817,1.875,1.1555555555555554,supercritical
381,4,45.0,52,38.0,1.875,1.1555555555555554,0.7307692307692307,supercritical
381,5,52.0,38,49.0,1.1555555555555554,0.7307692307692307,1.2894736842105263,extinguished
381,6,38.0,49,61.0,0.7307692307692307,1.2894736842105263,1.2448979591836735,supercritical
381,7,49.0,61,36.0,1.2894736842105263,1.2448979591836735,0.5901639344262295,supercritical
381,8,61.0,36,56.0,1.2448979591836735,0.5901639344262295,1.5555555555555556,extinguished
381,9,36.0,56,41.0,0.5901639344262295,1.5555555555555556,0.7321428571428571,supercritical
381,10,56.0,41,64.0,1.5555555555555556,0.7321428571428571,1.5609756097560976,extinguished
381,11,41.0,64,50.0,0.7321428571428571,1.5609756097560976,0.78125,supercritical
381,12,64.0,50,38.0,1.5609756097560976,0.78125,0.76,extinguished
381,13,50.0,38,64.0,0.78125,0.76,1.6842105263157894,extinguished
381,14,38.0,64,63.0,0.76,1.6842105263157894,0.984375,supercritical
381,15,64.0,63,48.0,1.6842105263157894,0.984375,0.7619047619047619,equilibrium
381,16,63.0,48,60.0,0.984375,0.7619047619047619,1.25,extinguished
381,17,48.0,60,48.0,0.7619047619047619,1.25,0.8,supercritical
381,18,60.0,48,60.0,1.25,0.8,1.25,extinguished
381,19,48.0,60,-1.0,0.8,1.25,-1.0,supercritical
382,0,-1.0,4,13.0,-1.0,-1.0,3.25,initial
382,1,4.0,13,17.0,-1.0,3.25,1.3076923076923077,supercritical
382,2,13.0,17,26.0,3.25,1.3076923076923077,1.5294117647058822,supercritical
382,3,17.0,26,38.0,1.3076923076923077,1.5294117647058822,1.4615384615384617,supercritical
382,4,26.0,38,44.0,1.5294117647058822,1.4615384615384617,1.1578947368421053,supercritical
382,5,38.0,44,61.0,1.4615384615384617,1.1578947368421053,1.3863636363636365,supercritical
382,6,44.0,61,35.0,1.1578947368421053,1.3863636363636365,0.5737704918032787,supercritical
382,7,61.0,35,47.0,1.3863636363636365,0.5737704918032787,1.3428571428571427,extinguished
382,8,35.0,47,42.0,0.5737704918032787,1.3428571428571427,0.8936170212765957,supercritical
382,9,47.0,42,32.0,1.3428571428571427,0.8936170212765957,0.7619047619047619,extinguished
382,10,42.0,32,39.0,0.8936170212765957,0.7619047619047619,1.21875,extinguished
382,11,32.0,39,57.0,0.7619047619047619,1.21875,1.4615384615384617,supercritical
382,12,39.0,57,34.0,1.21875,1.4615384615384617,0.5964912280701754,supercritical
382,13,57.0,34,35.0,1.4615384615384617,0.5964912280701754,1.0294117647058822,extinguished
382,14,34.0,35,29.0,0.5964912280701754,1.0294117647058822,0.8285714285714286,equilibrium
382,15,35.0,29,28.0,1.0294117647058822,0.8285714285714286,0.9655172413793104,extinguished
382,16,29.0,28,32.0,0.8285714285714286,0.9655172413793104,1.1428571428571428,equilibrium
382,17,28.0,32,39.0,0.9655172413793104,1.1428571428571428,1.21875,supercritical
382,18,32.0,39,50.0,1.1428571428571428,1.21875,1.2820512820512822,supercritical
382,19,39.0,50,-1.0,1.21875,1.2820512820512822,-1.0,supercritical
383,0,-1.0,3,4.0,-1.0,-1.0,1.3333333333333333,initial
383,1,3.0,4,8.0,-1.0,1.3333333333333333,2.0,supercritical
383,2,4.0,8,25.0,1.3333333333333333,2.0,3.125,supercritical
383,3,8.0,25,40.0,2.0,3.125,1.6,supercritical
383,4,25.0,40,65.0,3.125,1.6,1.625,supercritical
383,5,40.0,65,35.0,1.6,1.625,0.5384615384615384,supercritical
383,6,65.0,35,57.0,1.625,0.5384615384615384,1.6285714285714286,extinguished
383,7,35.0,57,73.0,0.5384615384615384,1.6285714285714286,1.280701754385965,supercritical
383,8,57.0,73,63.0,1.6285714285714286,1.280701754385965,0.863013698630137,supercritical
383,9,73.0,63,54.0,1.280701754385965,0.863013698630137,0.8571428571428571,extinguished
383,10,63.0,54,53.0,0.863013698630137,0.8571428571428571,0.9814814814814816,extinguished
383,11,54.0,53,45.0,0.8571428571428571,0.9814814814814816,0.8490566037735849,equilibrium
383,12,53.0,45,49.0,0.9814814814814816,0.8490566037735849,1.0888888888888888,extinguished
383,13,45.0,49,48.0,0.8490566037735849,1.0888888888888888,0.979591836734694,supercritical
383,14,49.0,48,65.0,1.0888888888888888,0.979591836734694,1.3541666666666667,equilibrium
383,15,48.0,65,62.0,0.979591836734694,1.3541666666666667,0.953846153846154,supercritical
383,16,65.0,62,54.0,1.3541666666666667,0.953846153846154,0.8709677419354839,equilibrium
383,17,62.0,54,51.0,0.953846153846154,0.8709677419354839,0.9444444444444444,extinguished
383,18,54.0,51,38.0,0.8709677419354839,0.9444444444444444,0.7450980392156863,extinguished
383,19,51.0,38,-1.0,0.9444444444444444,0.7450980392156863,-1.0,extinguished
384,0,-1.0,1,1.0,-1.0,-1.0,1.0,initial
384,1,1.0,1,0.0,-1.0,1.0,0.0,equilibrium
384,2,1.0,0,0.0,1.0,0.0,0.0,extinguished
384,3,0.0,0,0.0,0.0,0.0,0.0,extinguished
384,4,0.0,0,0.0,0.0,0.0,0.0,extinguished
384,5,0.0,0,0.0,0.0,0.0,0.0,extinguished
384,6,0.0,0,0.0,0.0,0.0,0.0,extinguished
384,7,0.0,0,0.0,0.0,0.0,0.0,extinguished
384,8,0.0,0,0.0,0.0,0.0,0.0,extinguished
384,9,0.0,0,0.0,0.0,0.0,0.0,extinguished
384,10,0.0,0,0.0,0.0,0.0,0.0,extinguished
384,11,0.0,0,0.0,0.0,0.0,0.0,extinguished
384,12,0.0,0,0.0,0.0,0.0,0.0,extinguished
384,13,0.0,0,0.0,0.0,0.0,0.0,extinguished
384,14,0.0,0,0.0,0.0,0.0,0.0,extinguished
384,15,0.0,0,0.0,0.0,0.0,0.0,extinguished
384,16,0.0,0,0.0,0.0,0.0,0.0,extinguished
384,17,0.0,0,0.0,0.0,0.0,0.0,extinguished
384,18,0.0,0,0.0,0.0,0.0,0.0,extinguished
384,19,0.0,0,-1.0,0.0,0.0,-1.0,extinguished
385,0,-1.0,3,4.0,-1.0,-1.0,1.3333333333333333,initial
385,1,3.0,4,7.0,-1.0,1.3333333333333333,1.75,supercritical
385,2,4.0,7,12.0,1.3333333333333333,1.75,1.7142857142857142,supercritical
385,3,7.0,12,26.0,1.75,1.7142857142857142,2.1666666666666665,supercritical
385,4,12.0,26,37.0,1.7142857142857142,2.1666666666666665,1.4230769230769231,supercritical
385,5,26.0,37,45.0,2.1666666666666665,1.4230769230769231,1.2162162162162162,supercritical
385,6,37.0,45,56.0,1.4230769230769231,1.2162162162162162,1.2444444444444445,supercritical
385,7,45.0,56,51.0,1.2162162162162162,1.2444444444444445,0.9107142857142856,supercritical
385,8,56.0,51,36.0,1.2444444444444445,0.9107142857142856,0.7058823529411765,extinguished
385,9,51.0,36,27.0,0.9107142857142856,0.7058823529411765,0.75,extinguished
385,10,36.0,27,34.0,0.7058823529411765,0.75,1.2592592592592593,extinguished
385,11,27.0,34,43.0,0.75,1.2592592592592593,1.2647058823529411,supercritical
385,12,34.0,43,30.0,1.2592592592592593,1.2647058823529411,0.6976744186046512,supercritical
385,13,43.0,30,39.0,1.2647058823529411,0.6976744186046512,1.3,extinguished
385,14,30.0,39,57.0,0.6976744186046512,1.3,1.4615384615384617,supercritical
385,15,39.0,57,56.0,1.3,1.4615384615384617,0.9824561403508772,supercritical
385,16,57.0,56,59.0,1.4615384615384617,0.9824561403508772,1.0535714285714286,equilibrium
385,17,56.0,59,37.0,0.9824561403508772,1.0535714285714286,0.6271186440677966,supercritical
385,18,59.0,37,43.0,1.0535714285714286,0.6271186440677966,1.162162162162162,extinguished
385,19,37.0,43,-1.0,0.6271186440677966,1.162162162162162,-1.0,supercritical
386,0,-1.0,3,7.0,-1.0,-1.0,2.333333333333333,initial
386,1,3.0,7,18.0,-1.0,2.333333333333333,2.571428571428572,supercritical
386,2,7.0,18,32.0,2.333333333333333,2.571428571428572,1.7777777777777777,supercritical
386,3,18.0,32,33.0,2.571428571428572,1.7777777777777777,1.03125,supercritical
386,4,32.0,33,62.0,1.7777777777777777,1.03125,1.878787878787879,equilibrium
386,5,33.0,62,50.0,1.03125,1.878787878787879,0.8064516129032258,supercritical
386,6,62.0,50,49.0,1.878787878787879,0.8064516129032258,0.98,extinguished
386,7,50.0,49,45.0,0.8064516129032258,0.98,0.9183673469387756,equilibrium
386,8,49.0,45,52.0,0.98,0.9183673469387756,1.1555555555555554,extinguished
386,9,45.0,52,41.0,0.9183673469387756,1.1555555555555554,0.7884615384615384,supercritical
386,10,52.0,41,63.0,1.1555555555555554,0.7884615384615384,1.5365853658536586,extinguished
386,11,41.0,63,41.0,0.7884615384615384,1.5365853658536586,0.6507936507936508,supercritical
386,12,63.0,41,55.0,1.5365853658536586,0.6507936507936508,1.3414634146341464,extinguished
386,13,41.0,55,66.0,0.6507936507936508,1.3414634146341464,1.2,supercritical
386,14,55.0,66,83.0,1.3414634146341464,1.2,1.2575757575757576,supercritical
386,15,66.0,83,40.0,1.2,1.2575757575757576,0.4819277108433735,supercritical
386,16,83.0,40,53.0,1.2575757575757576,0.4819277108433735,1.325,extinguished
386,17,40.0,53,55.0,0.4819277108433735,1.325,1.0377358490566038,supercritical
386,18,53.0,55,54.0,1.325,1.0377358490566038,0.9818181818181818,equilibrium
386,19,55.0,54,-1.0,1.0377358490566038,0.9818181818181818,-1.0,equilibrium
387,0,-1.0,1,1.0,-1.0,-1.0,1.0,initial
387,1,1.0,1,4.0,-1.0,1.0,4.0,equilibrium
387,2,1.0,4,6.0,1.0,4.0,1.5,supercritical
387,3,4.0,6,10.0,4.0,1.5,1.6666666666666667,supercritical
387,4,6.0,10,15.0,1.5,1.6666666666666667,1.5,supercritical
387,5,10.0,15,15.0,1.6666666666666667,1.5,1.0,supercritical
387,6,15.0,15,31.0,1.5,1.0,2.066666666666667,equilibrium
387,7,15.0,31,36.0,1.0,2.066666666666667,1.1612903225806452,supercritical
387,8,31.0,36,51.0,2.066666666666667,1.1612903225806452,1.4166666666666667,supercritical
387,9,36.0,51,50.0,1.1612903225806452,1.4166666666666667,0.9803921568627452,supercritical
387,10,51.0,50,52.0,1.4166666666666667,0.9803921568627452,1.04,equilibrium
387,11,50.0,52,32.0,0.9803921568627452,1.04,0.6153846153846154,equilibrium
387,12,52.0,32,41.0,1.04,0.6153846153846154,1.28125,extinguished
387,13,32.0,41,41.0,0.6153846153846154,1.28125,1.0,supercritical
387,14,41.0,41,42.0,1.28125,1.0,1.024390243902439,equilibrium
387,15,41.0,42,57.0,1.0,1.024390243902439,1.3571428571428572,equilibrium
387,16,42.0,57,36.0,1.024390243902439,1.3571428571428572,0.631578947368421,supercritical
387,17,57.0,36,50.0,1.3571428571428572,0.631578947368421,1.3888888888888888,extinguished
387,18,36.0,50,32.0,0.631578947368421,1.3888888888888888,0.64,supercritical
387,19,50.0,32,-1.0,1.3888888888888888,0.64,-1.0,extinguished
388,0,-1.0,3,8.0,-1.0,-1.0,2.6666666666666665,initial
388,1,3.0,8,8.0,-1.0,2.6666666666666665,1.0,supercritical
388,2,8.0,8,19.0,2.6666666666666665,1.0,2.375,equilibrium
388,3,8.0,19,22.0,1.0,2.375,1.1578947368421053,supercritical
388,4,19.0,22,34.0,2.375,1.1578947368421053,1.5454545454545454,supercritical
388,5,22.0,34,42.0,1.1578947368421053,1.5454545454545454,1.2352941176470589,supercritical
388,6,34.0,42,34.0,1.5454545454545454,1.2352941176470589,0.8095238095238095,supercritical
388,7,42.0,34,54.0,1.2352941176470589,0.8095238095238095,1.588235294117647,extinguished
388,8,34.0,54,54.0,0.8095238095238095,1.588235294117647,1.0,supercritical
388,9,54.0,54,55.0,1.588235294117647,1.0,1.0185185185185186,equilibrium
388,10,54.0,55,47.0,1.0,1.0185185185185186,0.8545454545454545,equilibrium
388,11,55.0,47,36.0,1.0185185185185186,0.8545454545454545,0.7659574468085106,extinguished
388,12,47.0,36,45.0,0.8545454545454545,0.7659574468085106,1.25,extinguished
388,13,36.0,45,31.0,0.7659574468085106,1.25,0.6888888888888889,supercritical
388,14,45.0,31,40.0,1.25,0.6888888888888889,1.2903225806451613,extinguished
388,15,31.0,40,38.0,0.6888888888888889,1.2903225806451613,0.95,supercritical
388,16,40.0,38,34.0,1.2903225806451613,0.95,0.8947368421052632,equilibrium
388,17,38.0,34,38.0,0.95,0.8947368421052632,1.1176470588235294,extinguished
388,18,34.0,38,52.0,0.8947368421052632,1.1176470588235294,1.368421052631579,supercritical
388,19,38.0,52,-1.0,1.1176470588235294,1.368421052631579,-1.0,supercritical
389,0,-1.0,1,2.0,-1.0,-1.0,2.0,initial
389,1,1.0,2,5.0,-1.0,2.0,2.5,supercritical
389,2,2.0,5,19.0,2.0,2.5,3.8,supercritical
389,3,5.0,19,42.0,2.5,3.8,2.210526315789474,supercritical
389,4,19.0,42,71.0,3.8,2.210526315789474,1.6904761904761905,supercritical
389,5,42.0,71,42.0,2.210526315789474,1.6904761904761905,0.5915492957746479,supercritical
389,6,71.0,42,69.0,1.6904761904761905,0.5915492957746479,1.6428571428571428,extinguished
389,7,42.0,69,73.0,0.5915492957746479,1.6428571428571428,1.0579710144927537,supercritical
389,8,69.0,73,70.0,1.6428571428571428,1.0579710144927537,0.958904109589041,supercritical
389,9,73.0,70,41.0,1.0579710144927537,0.958904109589041,0.5857142857142857,equilibrium
389,10,70.0,41,51.0,0.958904109589041,0.5857142857142857,1.2439024390243902,extinguished
389,11,41.0,51,56.0,0.5857142857142857,1.2439024390243902,1.0980392156862746,supercritical
389,12,51.0,56,53.0,1.2439024390243902,1.0980392156862746,0.9464285714285714,supercritical
389,13,56.0,53,76.0,1.0980392156862746,0.9464285714285714,1.4339622641509433,extinguished
389,14,53.0,76,28.0,0.9464285714285714,1.4339622641509433,0.3684210526315789,supercritical
389,15,76.0,28,47.0,1.4339622641509433,0.3684210526315789,1.6785714285714286,extinguished
389,16,28.0,47,38.0,0.3684210526315789,1.6785714285714286,0.8085106382978723,supercritical
389,17,47.0,38,42.0,1.6785714285714286,0.8085106382978723,1.105263157894737,extinguished
389,18,38.0,42,51.0,0.8085106382978723,1.105263157894737,1.2142857142857142,supercritical
389,19,42.0,51,-1.0,1.105263157894737,1.2142857142857142,-1.0,supercritical
390,0,-1.0,2,3.0,-1.0,-1.0,1.5,initial
390,1,2.0,3,3.0,-1.0,1.5,1.0,supercritical
390,2,3.0,3,8.0,1.5,1.0,2.6666666666666665,equilibrium
390,3,3.0,8,19.0,1.0,2.6666666666666665,2.375,supercritical
390,4,8.0,19,35.0,2.6666666666666665,2.375,1.8421052631578947,supercritical
390,5,19.0,35,52.0,2.375,1.8421052631578947,1.4857142857142858,supercritical
390,6,35.0,52,73.0,1.8421052631578947,1.4857142857142858,1.4038461538461535,supercritical
390,7,52.0,73,30.0,1.4857142857142858,1.4038461538461535,0.410958904109589,supercritical
390,8,73.0,30,40.0,1.4038461538461535,0.410958904109589,1.3333333333333333,extinguished
390,9,30.0,40,54.0,0.410958904109589,1.3333333333333333,1.35,supercritical
390,10,40.0,54,39.0,1.3333333333333333,1.35,0.7222222222222222,supercritical
390,11,54.0,39,87.0,1.35,0.7222222222222222,2.230769230769231,extinguished
390,12,39.0,87,29.0,0.7222222222222222,2.230769230769231,0.3333333333333333,supercritical
390,13,87.0,29,57.0,2.230769230769231,0.3333333333333333,1.9655172413793105,extinguished
390,14,29.0,57,69.0,0.3333333333333333,1.9655172413793105,1.2105263157894737,supercritical
390,15,57.0,69,61.0,1.9655172413793105,1.2105263157894737,0.8840579710144928,supercritical
390,16,69.0,61,54.0,1.2105263157894737,0.8840579710144928,0.8852459016393442,extinguished
390,17,61.0,54,55.0,0.8840579710144928,0.8852459016393442,1.0185185185185186,extinguished
390,18,54.0,55,65.0,0.8852459016393442,1.0185185185185186,1.181818181818182,equilibrium
390,19,55.0,65,-1.0,1.0185185185185186,1.181818181818182,-1.0,supercritical
391,0,-1.0,4,6.0,-1.0,-1.0,1.5,initial
391,1,4.0,6,15.0,-1.0,1.5,2.5,supercritical
391,2,6.0,15,37.0,1.5,2.5,2.466666666666667,supercritical
391,3,15.0,37,67.0,2.5,2.466666666666667,1.8108108108108107,supercritical
391,4,37.0,67,60.0,2.466666666666667,1.8108108108108107,0.8955223880597015,supercritical
391,5,67.0,60,44.0,1.8108108108108107,0.8955223880597015,0.7333333333333333,extinguished
391,6,60.0,44,59.0,0.8955223880597015,0.7333333333333333,1.3409090909090908,extinguished
391,7,44.0,59,42.0,0.7333333333333333,1.3409090909090908,0.711864406779661,supercritical
391,8,59.0,42,47.0,1.3409090909090908,0.711864406779661,1.119047619047619,extinguished
391,9,42.0,47,48.0,0.711864406779661,1.119047619047619,1.0212765957446808,supercritical
391,10,47.0,48,50.0,1.119047619047619,1.0212765957446808,1.0416666666666667,equilibrium
391,11,48.0,50,45.0,1.0212765957446808,1.0416666666666667,0.9,equilibrium
391,12,50.0,45,62.0,1.0416666666666667,0.9,1.3777777777777778,extinguished
391,13,45.0,62,62.0,0.9,1.3777777777777778,1.0,supercritical
391,14,62.0,62,37.0,1.3777777777777778,1.0,0.5967741935483871,equilibrium
391,15,62.0,37,65.0,1.0,0.5967741935483871,1.7567567567567568,extinguished
391,16,37.0,65,46.0,0.5967741935483871,1.7567567567567568,0.7076923076923077,supercritical
391,17,65.0,46,55.0,1.7567567567567568,0.7076923076923077,1.1956521739130437,extinguished
391,18,46.0,55,65.0,0.7076923076923077,1.1956521739130437,1.181818181818182,supercritical
391,19,55.0,65,-1.0,1.1956521739130437,1.181818181818182,-1.0,supercritical
392,0,-1.0,2,4.0,-1.0,-1.0,2.0,initial
392,1,2.0,4,7.0,-1.0,2.0,1.75,supercritical
392,2,4.0,7,25.0,2.0,1.75,3.571428571428572,supercritical
392,3,7.0,25,49.0,1.75,3.571428571428572,1.96,supercritical
392,4,25.0,49,49.0,3.571428571428572,1.96,1.0,supercritical
392,5,49.0,49,36.0,1.96,1.0,0.7346938775510204,equilibrium
392,6,49.0,36,66.0,1.0,0.7346938775510204,1.8333333333333333,extinguished
392,7,36.0,66,37.0,0.7346938775510204,1.8333333333333333,0.5606060606060606,supercritical
392,8,66.0,37,57.0,1.8333333333333333,0.5606060606060606,1.5405405405405406,extinguished
392,9,37.0,57,44.0,0.5606060606060606,1.5405405405405406,0.7719298245614035,supercritical
392,10,57.0,44,72.0,1.5405405405405406,0.7719298245614035,1.6363636363636365,extinguished
392,11,44.0,72,41.0,0.7719298245614035,1.6363636363636365,0.5694444444444444,supercritical
392,12,72.0,41,70.0,1.6363636363636365,0.5694444444444444,1.7073170731707317,extinguished
392,13,41.0,70,61.0,0.5694444444444444,1.7073170731707317,0.8714285714285714,supercritical
392,14,70.0,61,52.0,1.7073170731707317,0.8714285714285714,0.8524590163934426,extinguished
392,15,61.0,52,64.0,0.8714285714285714,0.8524590163934426,1.2307692307692308,extinguished
392,16,52.0,64,34.0,0.8524590163934426,1.2307692307692308,0.53125,supercritical
392,17,64.0,34,47.0,1.2307692307692308,0.53125,1.3823529411764706,extinguished
392,18,34.0,47,48.0,0.53125,1.3823529411764706,1.0212765957446808,supercritical
392,19,47.0,48,-1.0,1.3823529411764706,1.0212765957446808,-1.0,equilibrium
393,0,-1.0,3,8.0,-1.0,-1.0,2.6666666666666665,initial
393,1,3.0,8,16.0,-1.0,2.6666666666666665,2.0,supercritical
393,2,8.0,16,28.0,2.6666666666666665,2.0,1.75,supercritical
393,3,16.0,28,38.0,2.0,1.75,1.3571428571428572,supercritical
393,4,28.0,38,43.0,1.75,1.3571428571428572,1.131578947368421,supercritical
393,5,38.0,43,41.0,1.3571428571428572,1.131578947368421,0.9534883720930232,supercritical
393,6,43.0,41,39.0,1.131578947368421,0.9534883720930232,0.951219512195122,equilibrium
393,7,41.0,39,41.0,0.9534883720930232,0.951219512195122,1.051282051282051,equilibrium
393,8,39.0,41,50.0,0.951219512195122,1.051282051282051,1.2195121951219512,supercritical
393,9,41.0,50,51.0,1.051282051282051,1.2195121951219512,1.02,supercritical
393,10,50.0,51,45.0,1.2195121951219512,1.02,0.8823529411764706,equilibrium
393,11,51.0,45,37.0,1.02,0.8823529411764706,0.8222222222222222,extinguished
393,12,45.0,37,56.0,0.8823529411764706,0.8222222222222222,1.5135135135135136,extinguished
393,13,37.0,56,48.0,0.8222222222222222,1.5135135135135136,0.8571428571428571,supercritical
393,14,56.0,48,72.0,1.5135135135135136,0.8571428571428571,1.5,extinguished
393,15,48.0,72,54.0,0.8571428571428571,1.5,0.75,supercritical
393,16,72.0,54,58.0,1.5,0.75,1.0740740740740742,extinguished
393,17,54.0,58,43.0,0.75,1.0740740740740742,0.7413793103448276,supercritical
393,18,58.0,43,48.0,1.0740740740740742,0.7413793103448276,1.1162790697674418,extinguished
393,19,43.0,48,-1.0,0.7413793103448276,1.1162790697674418,-1.0,supercritical
394,0,-1.0,1,0.0,-1.0,-1.0,0.0,initial
394,1,1.0,0,0.0,-1.0,0.0,0.0,extinguished
394,2,0.0,0,0.0,0.0,0.0,0.0,extinguished
394,3,0.0,0,0.0,0.0,0.0,0.0,extinguished
394,4,0.0,0,0.0,0.0,0.0,0.0,extinguished
394,5,0.0,0,0.0,0.0,0.0,0.0,extinguished
394,6,0.0,0,0.0,0.0,0.0,0.0,extinguished
394,7,0.0,0,0.0,0.0,0.0,0.0,extinguished
394,8,0.0,0,0.0,0.0,0.0,0.0,extinguished
394,9,0.0,0,0.0,0.0,0.0,0.0,extinguished
394,10,0.0,0,0.0,0.0,0.0,0.0,extinguished
394,11,0.0,0,0.0,0.0,0.0,0.0,extinguished
394,12,0.0,0,0.0,0.0,0.0,0.0,extinguished
394,13,0.0,0,0.0,0.0,0.0,0.0,extinguished
394,14,0.0,0,0.0,0.0,0.0,0.0,extinguished
394,15,0.0,0,0.0,0.0,0.0,0.0,extinguished
394,16,0.0,0,0.0,0.0,0.0,0.0,extinguished
394,17,0.0,0,0.0,0.0,0.0,0.0,extinguished
394,18,0.0,0,0.0,0.0,0.0,0.0,extinguished
394,19,0.0,0,-1.0,0.0,0.0,-1.0,extinguished
395,0,-1.0,3,8.0,-1.0,-1.0,2.6666666666666665,initial
395,1,3.0,8,14.0,-1.0,2.6666666666666665,1.75,supercritical
395,2,8.0,14,22.0,2.6666666666666665,1.75,1.5714285714285714,supercritical
395,3,14.0,22,37.0,1.75,1.5714285714285714,1.681818181818182,supercritical
395,4,22.0,37,49.0,1.5714285714285714,1.681818181818182,1.3243243243243243,supercritical
395,5,37.0,49,34.0,1.681818181818182,1.3243243243243243,0.6938775510204082,supercritical
395,6,49.0,34,35.0,1.3243243243243243,0.6938775510204082,1.0294117647058822,extinguished
395,7,34.0,35,38.0,0.6938775510204082,1.0294117647058822,1.0857142857142856,equilibrium
395,8,35.0,38,54.0,1.0294117647058822,1.0857142857142856,1.4210526315789471,supercritical
395,9,38.0,54,42.0,1.0857142857142856,1.4210526315789471,0.7777777777777778,supercritical
395,10,54.0,42,40.0,1.4210526315789471,0.7777777777777778,0.9523809523809524,extinguished
395,11,42.0,40,38.0,0.7777777777777778,0.9523809523809524,0.95,equilibrium
395,12,40.0,38,49.0,0.9523809523809524,0.95,1.2894736842105263,equilibrium
395,13,38.0,49,46.0,0.95,1.2894736842105263,0.9387755102040816,supercritical
395,14,49.0,46,37.0,1.2894736842105263,0.9387755102040816,0.8043478260869565,extinguished
395,15,46.0,37,54.0,0.9387755102040816,0.8043478260869565,1.4594594594594594,extinguished
395,16,37.0,54,57.0,0.8043478260869565,1.4594594594594594,1.0555555555555556,supercritical
395,17,54.0,57,35.0,1.4594594594594594,1.0555555555555556,0.6140350877192983,supercritical
395,18,57.0,35,49.0,1.0555555555555556,0.6140350877192983,1.4,extinguished
395,19,35.0,49,-1.0,0.6140350877192983,1.4,-1.0,supercritical
396,0,-1.0,5,10.0,-1.0,-1.0,2.0,initial
396,1,5.0,10,18.0,-1.0,2.0,1.8,supercritical
396,2,10.0,18,22.0,2.0,1.8,1.2222222222222223,supercritical
396,3,18.0,22,32.0,1.8,1.2222222222222223,1.4545454545454546,supercritical
396,4,22.0,32,35.0,1.2222222222222223,1.4545454545454546,1.09375,supercritical
396,5,32.0,35,47.0,1.4545454545454546,1.09375,1.3428571428571427,supercritical
396,6,35.0,47,45.0,1.09375,1.3428571428571427,0.9574468085106383,supercritical
396,7,47.0,45,52.0,1.3428571428571427,0.9574468085106383,1.1555555555555554,equilibrium
396,8,45.0,52,48.0,0.9574468085106383,1.1555555555555554,0.9230769230769232,supercritical
396,9,52.0,48,64.0,1.1555555555555554,0.9230769230769232,1.3333333333333333,extinguished
396,10,48.0,64,61.0,0.9230769230769232,1.3333333333333333,0.953125,supercritical
396,11,64.0,61,31.0,1.3333333333333333,0.953125,0.5081967213114754,equilibrium
396,12,61.0,31,39.0,0.953125,0.5081967213114754,1.2580645161290325,extinguished
396,13,31.0,39,51.0,0.5081967213114754,1.2580645161290325,1.3076923076923077,supercritical
396,14,39.0,51,44.0,1.2580645161290325,1.3076923076923077,0.8627450980392157,supercritical
396,15,51.0,44,42.0,1.3076923076923077,0.8627450980392157,0.9545454545454546,extinguished
396,16,44.0,42,55.0,0.8627450980392157,0.9545454545454546,1.3095238095238095,equilibrium
396,17,42.0,55,60.0,0.9545454545454546,1.3095238095238095,1.0909090909090908,supercritical
396,18,55.0,60,50.0,1.3095238095238095,1.0909090909090908,0.8333333333333334,supercritical
396,19,60.0,50,-1.0,1.0909090909090908,0.8333333333333334,-1.0,extinguished
397,0,-1.0,5,11.0,-1.0,-1.0,2.2,initial
397,1,5.0,11,18.0,-1.0,2.2,1.6363636363636365,supercritical
397,2,11.0,18,27.0,2.2,1.6363636363636365,1.5,supercritical
397,3,18.0,27,42.0,1.6363636363636365,1.5,1.5555555555555556,supercritical
397,4,27.0,42,47.0,1.5,1.5555555555555556,1.119047619047619,supercritical
397,5,42.0,47,36.0,1.5555555555555556,1.119047619047619,0.7659574468085106,supercritical
397,6,47.0,36,37.0,1.119047619047619,0.7659574468085106,1.0277777777777777,extinguished
397,7,36.0,37,42.0,0.7659574468085106,1.0277777777777777,1.135135135135135,equilibrium
397,8,37.0,42,44.0,1.0277777777777777,1.135135135135135,1.0476190476190477,supercritical
397,9,42.0,44,40.0,1.135135135135135,1.0476190476190477,0.9090909090909092,equilibrium
397,10,44.0,40,53.0,1.0476190476190477,0.9090909090909092,1.325,extinguished
397,11,40.0,53,41.0,0.9090909090909092,1.325,0.7735849056603774,supercritical
397,12,53.0,41,41.0,1.325,0.7735849056603774,1.0,extinguished
397,13,41.0,41,38.0,0.7735849056603774,1.0,0.926829268292683,equilibrium
397,14,41.0,38,48.0,1.0,0.926829268292683,1.263157894736842,extinguished
397,15,38.0,48,38.0,0.926829268292683,1.263157894736842,0.7916666666666666,supercritical
397,16,48.0,38,45.0,1.263157894736842,0.7916666666666666,1.1842105263157894,extinguished
397,17,38.0,45,47.0,0.7916666666666666,1.1842105263157894,1.0444444444444445,supercritical
397,18,45.0,47,57.0,1.1842105263157894,1.0444444444444445,1.2127659574468086,equilibrium
397,19,47.0,57,-1.0,1.0444444444444445,1.2127659574468086,-1.0,supercritical
398,0,-1.0,2,8.0,-1.0,-1.0,4.0,initial
398,1,2.0,8,13.0,-1.0,4.0,1.625,supercritical
398,2,8.0,13,17.0,4.0,1.625,1.3076923076923077,supercritical
398,3,13.0,17,24.0,1.625,1.3076923076923077,1.411764705882353,supercritical
398,4,17.0,24,33.0,1.3076923076923077,1.411764705882353,1.375,supercritical
398,5,24.0,33,45.0,1.411764705882353,1.375,1.3636363636363635,supercritical
398,6,33.0,45,52.0,1.375,1.3636363636363635,1.1555555555555554,supercritical
398,7,45.0,52,46.0,1.3636363636363635,1.1555555555555554,0.8846153846153846,supercritical
398,8,52.0,46,48.0,1.1555555555555554,0.8846153846153846,1.0434782608695652,extinguished
398,9,46.0,48,41.0,0.8846153846153846,1.0434782608695652,0.8541666666666666,equilibrium
398,10,48.0,41,67.0,1.0434782608695652,0.8541666666666666,1.6341463414634143,extinguished
398,11,41.0,67,54.0,0.8541666666666666,1.6341463414634143,0.8059701492537313,supercritical
398,12,67.0,54,52.0,1.6341463414634143,0.8059701492537313,0.9629629629629628,extinguished
398,13,54.0,52,32.0,0.8059701492537313,0.9629629629629628,0.6153846153846154,equilibrium
398,14,52.0,32,35.0,0.9629629629629628,0.6153846153846154,1.09375,extinguished
398,15,32.0,35,25.0,0.6153846153846154,1.09375,0.7142857142857143,supercritical
398,16,35.0,25,30.0,1.09375,0.7142857142857143,1.2,extinguished
398,17,25.0,30,26.0,0.7142857142857143,1.2,0.8666666666666667,supercritical
398,18,30.0,26,29.0,1.2,0.8666666666666667,1.1153846153846154,extinguished
398,19,26.0,29,-1.0,0.8666666666666667,1.1153846153846154,-1.0,supercritical
399,0,-1.0,3,7.0,-1.0,-1.0,2.333333333333333,initial
399,1,3.0,7,13.0,-1.0,2.333333333333333,1.8571428571428568,supercritical
399,2,7.0,13,29.0,2.333333333333333,1.8571428571428568,2.230769230769231,supercritical
399,3,13.0,29,39.0,1.8571428571428568,2.230769230769231,1.3448275862068966,supercritical
399,4,29.0,39,51.0,2.230769230769231,1.3448275862068966,1.3076923076923077,supercritical
399,5,39.0,51,47.0,1.3448275862068966,1.3076923076923077,0.9215686274509804,supercritical
399,6,51.0,47,37.0,1.3076923076923077,0.9215686274509804,0.7872340425531915,extinguished
399,7,47.0,37,48.0,0.9215686274509804,0.7872340425531915,1.2972972972972974,extinguished
399,8,37.0,48,45.0,0.7872340425531915,1.2972972972972974,0.9375,supercritical
399,9,48.0,45,56.0,1.2972972972972974,0.9375,1.2444444444444445,extinguished
399,10,45.0,56,59.0,0.9375,1.2444444444444445,1.0535714285714286,supercritical
399,11,56.0,59,68.0,1.2444444444444445,1.0535714285714286,1.152542372881356,supercritical
399,12,59.0,68,32.0,1.0535714285714286,1.152542372881356,0.4705882352941176,supercritical
399,13,68.0,32,42.0,1.152542372881356,0.4705882352941176,1.3125,extinguished
399,14,32.0,42,37.0,0.4705882352941176,1.3125,0.8809523809523809,supercritical
399,15,42.0,37,48.0,1.3125,0.8809523809523809,1.2972972972972974,extinguished
399,16,37.0,48,37.0,0.8809523809523809,1.2972972972972974,0.7708333333333334,supercritical
399,17,48.0,37,51.0,1.2972972972972974,0.7708333333333334,1.3783783783783785,extinguished
399,18,37.0,51,50.0,0.7708333333333334,1.3783783783783785,0.9803921568627452,supercritical
399,19,51.0,50,-1.0,1.3783783783783785,0.9803921568627452,-1.0,equilibrium
400,0,-1.0,1,0.0,-1.0,-1.0,0.0,initial
400,1,1.0,0,0.0,-1.0,0.0,0.0,extinguished
400,2,0.0,0,0.0,0.0,0.0,0.0,extinguished
400,3,0.0,0,0.0,0.0,0.0,0.0,extinguished
400,4,0.0,0,0.0,0.0,0.0,0.0,extinguished
400,5,0.0,0,0.0,0.0,0.0,0.0,extinguished
400,6,0.0,0,0.0,0.0,0.0,0.0,extinguished
400,7,0.0,0,0.0,0.0,0.0,0.0,extinguished
400,8,0.0,0,0.0,0.0,0.0,0.0,extinguished
400,9,0.0,0,0.0,0.0,0.0,0.0,extinguished
400,10,0.0,0,0.0,0.0,0.0,0.0,extinguished
400,11,0.0,0,0.0,0.0,0.0,0.0,extinguished
400,12,0.0,0,0.0,0.0,0.0,0.0,extinguished
400,13,0.0,0,0.0,0.0,0.0,0.0,extinguished
400,14,0.0,0,0.0,0.0,0.0,0.0,extinguished
400,15,0.0,0,0.0,0.0,0.0,0.0,extinguished
400,16,0.0,0,0.0,0.0,0.0,0.0,extinguished
400,17,0.0,0,0.0,0.0,0.0,0.0,extinguished
400,18,0.0,0,0.0,0.0,0.0,0.0,extinguished
400,19,0.0,0,-1.0,0.0,0.0,-1.0,extinguished
401,0,-1.0,3,5.0,-1.0,-1.0,1.6666666666666667,initial
401,1,3.0,5,8.0,-1.0,1.6666666666666667,1.6,supercritical
401,2,5.0,8,13.0,1.6666666666666667,1.6,1.625,supercritical
401,3,8.0,13,16.0,1.6,1.625,1.2307692307692308,supercritical
401,4,13.0,16,25.0,1.625,1.2307692307692308,1.5625,supercritical
401,5,16.0,25,46.0,1.2307692307692308,1.5625,1.84,supercritical
401,6,25.0,46,30.0,1.5625,1.84,0.6521739130434783,supercritical
401,7,46.0,30,26.0,1.84,0.6521739130434783,0.8666666666666667,extinguished
401,8,30.0,26,24.0,0.6521739130434783,0.8666666666666667,0.9230769230769232,extinguished
401,9,26.0,24,32.0,0.8666666666666667,0.9230769230769232,1.3333333333333333,extinguished
401,10,24.0,32,28.0,0.9230769230769232,1.3333333333333333,0.875,supercritical
401,11,32.0,28,29.0,1.3333333333333333,0.875,1.0357142857142858,extinguished
401,12,28.0,29,30.0,0.875,1.0357142857142858,1.0344827586206895,equilibrium
401,13,29.0,30,22.0,1.0357142857142858,1.0344827586206895,0.7333333333333333,equilibrium
401,14,30.0,22,40.0,1.0344827586206895,0.7333333333333333,1.818181818181818,extinguished
401,15,22.0,40,25.0,0.7333333333333333,1.818181818181818,0.625,supercritical
401,16,40.0,25,39.0,1.818181818181818,0.625,1.56,extinguished
401,17,25.0,39,29.0,0.625,1.56,0.7435897435897436,supercritical
401,18,39.0,29,31.0,1.56,0.7435897435897436,1.0689655172413792,extinguished
401,19,29.0,31,-1.0,0.7435897435897436,1.0689655172413792,-1.0,supercritical
402,0,-1.0,4,5.0,-1.0,-1.0,1.25,initial
402,1,4.0,5,15.0,-1.0,1.25,3.0,supercritical
402,2,5.0,15,28.0,1.25,3.0,1.8666666666666667,supercritical
402,3,15.0,28,50.0,3.0,1.8666666666666667,1.7857142857142858,supercritical
402,4,28.0,50,52.0,1.8666666666666667,1.7857142857142858,1.04,supercritical
402,5,50.0,52,65.0,1.7857142857142858,1.04,1.25,equilibrium
402,6,52.0,65,68.0,1.04,1.25,1.0461538461538462,supercritical
402,7,65.0,68,41.0,1.25,1.0461538461538462,0.6029411764705882,equilibrium
402,8,68.0,41,66.0,1.0461538461538462,0.6029411764705882,1.6097560975609757,extinguished
402,9,41.0,66,51.0,0.6029411764705882,1.6097560975609757,0.7727272727272727,supercritical
402,10,66.0,51,62.0,1.6097560975609757,0.7727272727272727,1.2156862745098038,extinguished
402,11,51.0,62,48.0,0.7727272727272727,1.2156862745098038,0.7741935483870968,supercritical
402,12,62.0,48,68.0,1.2156862745098038,0.7741935483870968,1.4166666666666667,extinguished
402,13,48.0,68,69.0,0.7741935483870968,1.4166666666666667,1.0147058823529411,supercritical
402,14,68.0,69,40.0,1.4166666666666667,1.0147058823529411,0.5797101449275363,equilibrium
402,15,69.0,40,46.0,1.0147058823529411,0.5797101449275363,1.15,extinguished
402,16,40.0,46,70.0,0.5797101449275363,1.15,1.5217391304347827,supercritical
402,17,46.0,70,27.0,1.15,1.5217391304347827,0.3857142857142857,supercritical
402,18,70.0,27,27.0,1.5217391304347827,0.3857142857142857,1.0,extinguished
402,19,27.0,27,-1.0,0.3857142857142857,1.0,-1.0,equilibrium
403,0,-1.0,3,4.0,-1.0,-1.0,1.3333333333333333,initial
403,1,3.0,4,2.0,-1.0,1.3333333333333333,0.5,supercritical
403,2,4.0,2,4.0,1.3333333333333333,0.5,2.0,extinguished
403,3,2.0,4,7.0,0.5,2.0,1.75,supercritical
403,4,4.0,7,9.0,2.0,1.75,1.2857142857142858,supercritical
403,5,7.0,9,31.0,1.75,1.2857142857142858,3.4444444444444446,supercritical
403,6,9.0,31,42.0,1.2857142857142858,3.4444444444444446,1.3548387096774193,supercritical
403,7,31.0,42,30.0,3.4444444444444446,1.3548387096774193,0.7142857142857143,supercritical
403,8,42.0,30,52.0,1.3548387096774193,0.7142857142857143,1.7333333333333334,extinguished
403,9,30.0,52,35.0,0.7142857142857143,1.7333333333333334,0.6730769230769231,supercritical
403,10,52.0,35,31.0,1.7333333333333334,0.6730769230769231,0.8857142857142857,extinguished
403,11,35.0,31,39.0,0.6730769230769231,0.8857142857142857,1.2580645161290325,extinguished
403,12,31.0,39,39.0,0.8857142857142857,1.2580645161290325,1.0,supercritical
403,13,39.0,39,37.0,1.2580645161290325,1.0,0.9487179487179488,equilibrium
403,14,39.0,37,38.0,1.0,0.9487179487179488,1.027027027027027,extinguished
403,15,37.0,38,54.0,0.9487179487179488,1.027027027027027,1.4210526315789471,equilibrium
403,16,38.0,54,55.0,1.027027027027027,1.4210526315789471,1.0185185185185186,supercritical
403,17,54.0,55,22.0,1.4210526315789471,1.0185185185185186,0.4,equilibrium
403,18,55.0,22,28.0,1.0185185185185186,0.4,1.2727272727272727,extinguished
403,19,22.0,28,-1.0,0.4,1.2727272727272727,-1.0,supercritical
404,0,-1.0,2,2.0,-1.0,-1.0,1.0,initial
404,1,2.0,2,3.0,-1.0,1.0,1.5,equilibrium
404,2,2.0,3,8.0,1.0,1.5,2.6666666666666665,supercritical
404,3,3.0,8,14.0,1.5,2.6666666666666665,1.75,supercritical
404,4,8.0,14,20.0,2.6666666666666665,1.75,1.4285714285714286,supercritical
404,5,14.0,20,31.0,1.75,1.4285714285714286,1.55,supercritical
404,6,20.0,31,34.0,1.4285714285714286,1.55,1.096774193548387,supercritical
404,7,31.0,34,46.0,1.55,1.096774193548387,1.3529411764705883,supercritical
404,8,34.0,46,31.0,1.096774193548387,1.3529411764705883,0.6739130434782609,supercritical
404,9,46.0,31,45.0,1.3529411764705883,0.6739130434782609,1.4516129032258065,extinguished
404,10,31.0,45,32.0,0.6739130434782609,1.4516129032258065,0.7111111111111111,supercritical
404,11,45.0,32,36.0,1.4516129032258065,0.7111111111111111,1.125,extinguished
404,12,32.0,36,51.0,0.7111111111111111,1.125,1.4166666666666667,supercritical
404,13,36.0,51,41.0,1.125,1.4166666666666667,0.803921568627451,supercritical
404,14,51.0,41,45.0,1.4166666666666667,0.803921568627451,1.0975609756097562,extinguished
404,15,41.0,45,33.0,0.803921568627451,1.0975609756097562,0.7333333333333333,supercritical
404,16,45.0,33,41.0,1.0975609756097562,0.7333333333333333,1.2424242424242424,extinguished
404,17,33.0,41,44.0,0.7333333333333333,1.2424242424242424,1.0731707317073171,supercritical
404,18,41.0,44,42.0,1.2424242424242424,1.0731707317073171,0.9545454545454546,supercritical
404,19,44.0,42,-1.0,1.0731707317073171,0.9545454545454546,-1.0,equilibrium
405,0,-1.0,4,9.0,-1.0,-1.0,2.25,initial
405,1,4.0,9,15.0,-1.0,2.25,1.6666666666666667,supercritical
405,2,9.0,15,20.0,2.25,1.6666666666666667,1.3333333333333333,supercritical
405,3,15.0,20,27.0,1.6666666666666667,1.3333333333333333,1.35,supercritical
405,4,20.0,27,42.0,1.3333333333333333,1.35,1.5555555555555556,supercritical
405,5,27.0,42,47.0,1.35,1.5555555555555556,1.119047619047619,supercritical
405,6,42.0,47,46.0,1.5555555555555556,1.119047619047619,0.9787234042553192,supercritical
405,7,47.0,46,57.0,1.119047619047619,0.9787234042553192,1.2391304347826086,equilibrium
405,8,46.0,57,44.0,0.9787234042553192,1.2391304347826086,0.7719298245614035,supercritical
405,9,57.0,44,44.0,1.2391304347826086,0.7719298245614035,1.0,extinguished
405,10,44.0,44,55.0,0.7719298245614035,1.0,1.25,equilibrium
405,11,44.0,55,52.0,1.0,1.25,0.9454545454545454,supercritical
405,12,55.0,52,31.0,1.25,0.9454545454545454,0.5961538461538461,extinguished
405,13,52.0,31,48.0,0.9454545454545454,0.5961538461538461,1.5483870967741935,extinguished
405,14,31.0,48,56.0,0.5961538461538461,1.5483870967741935,1.1666666666666667,supercritical
405,15,48.0,56,47.0,1.5483870967741935,1.1666666666666667,0.8392857142857143,supercritical
405,16,56.0,47,41.0,1.1666666666666667,0.8392857142857143,0.8723404255319149,extinguished
405,17,47.0,41,58.0,0.8392857142857143,0.8723404255319149,1.4146341463414631,extinguished
405,18,41.0,58,79.0,0.8723404255319149,1.4146341463414631,1.362068965517241,supercritical
405,19,58.0,79,-1.0,1.4146341463414631,1.362068965517241,-1.0,supercritical
406,0,-1.0,5,11.0,-1.0,-1.0,2.2,initial
406,1,5.0,11,13.0,-1.0,2.2,1.181818181818182,supercritical
406,2,11.0,13,18.0,2.2,1.181818181818182,1.3846153846153846,supercritical
406,3,13.0,18,29.0,1.181818181818182,1.3846153846153846,1.6111111111111112,supercritical
406,4,18.0,29,37.0,1.3846153846153846,1.6111111111111112,1.2758620689655171,supercritical
406,5,29.0,37,40.0,1.6111111111111112,1.2758620689655171,1.0810810810810811,supercritical
406,6,37.0,40,43.0,1.2758620689655171,1.0810810810810811,1.075,supercritical
406,7,40.0,43,43.0,1.0810810810810811,1.075,1.0,supercritical
406,8,43.0,43,52.0,1.075,1.0,1.2093023255813953,equilibrium
406,9,43.0,52,64.0,1.0,1.2093023255813953,1.2307692307692308,supercritical
406,10,52.0,64,29.0,1.2093023255813953,1.2307692307692308,0.453125,supercritical
406,11,64.0,29,36.0,1.2307692307692308,0.453125,1.2413793103448276,extinguished
406,12,29.0,36,27.0,0.453125,1.2413793103448276,0.75,supercritical
406,13,36.0,27,26.0,1.2413793103448276,0.75,0.9629629629629628,extinguished
406,14,27.0,26,32.0,0.75,0.9629629629629628,1.2307692307692308,equilibrium
406,15,26.0,32,34.0,0.9629629629629628,1.2307692307692308,1.0625,supercritical
406,16,32.0,34,30.0,1.2307692307692308,1.0625,0.8823529411764706,supercritical
406,17,34.0,30,31.0,1.0625,0.8823529411764706,1.0333333333333334,extinguished
406,18,30.0,31,34.0,0.8823529411764706,1.0333333333333334,1.096774193548387,equilibrium
406,19,31.0,34,-1.0,1.0333333333333334,1.096774193548387,-1.0,supercritical
407,0,-1.0,5,7.0,-1.0,-1.0,1.4,initial
407,1,5.0,7,10.0,-1.0,1.4,1.4285714285714286,supercritical
407,2,7.0,10,14.0,1.4,1.4285714285714286,1.4,supercritical
407,3,10.0,14,20.0,1.4285714285714286,1.4,1.4285714285714286,supercritical
407,4,14.0,20,27.0,1.4,1.4285714285714286,1.35,supercritical
407,5,20.0,27,25.0,1.4285714285714286,1.35,0.925925925925926,supercritical
407,6,27.0,25,22.0,1.35,0.925925925925926,0.88,extinguished
407,7,25.0,22,38.0,0.925925925925926,0.88,1.7272727272727273,extinguished
407,8,22.0,38,37.0,0.88,1.7272727272727273,0.9736842105263158,supercritical
407,9,38.0,37,41.0,1.7272727272727273,0.9736842105263158,1.108108108108108,equilibrium
407,10,37.0,41,43.0,0.9736842105263158,1.108108108108108,1.048780487804878,supercritical
407,11,41.0,43,56.0,1.108108108108108,1.048780487804878,1.302325581395349,equilibrium
407,12,43.0,56,40.0,1.048780487804878,1.302325581395349,0.7142857142857143,supercritical
407,13,56.0,40,51.0,1.302325581395349,0.7142857142857143,1.275,extinguished
407,14,40.0,51,48.0,0.7142857142857143,1.275,0.9411764705882352,supercritical
407,15,51.0,48,66.0,1.275,0.9411764705882352,1.375,extinguished
407,16,48.0,66,32.0,0.9411764705882352,1.375,0.4848484848484848,supercritical
407,17,66.0,32,34.0,1.375,0.4848484848484848,1.0625,extinguished
407,18,32.0,34,53.0,0.4848484848484848,1.0625,1.5588235294117647,supercritical
407,19,34.0,53,-1.0,1.0625,1.5588235294117647,-1.0,supercritical
408,0,-1.0,4,10.0,-1.0,-1.0,2.5,initial
408,1,4.0,10,14.0,-1.0,2.5,1.4,supercritical
408,2,10.0,14,23.0,2.5,1.4,1.6428571428571428,supercritical
408,3,14.0,23,36.0,1.4,1.6428571428571428,1.565217391304348,supercritical
408,4,23.0,36,43.0,1.6428571428571428,1.565217391304348,1.1944444444444444,supercritical
408,5,36.0,43,34.0,1.565217391304348,1.1944444444444444,0.7906976744186046,supercritical
408,6,43.0,34,38.0,1.1944444444444444,0.7906976744186046,1.1176470588235294,extinguished
408,7,34.0,38,49.0,0.7906976744186046,1.1176470588235294,1.2894736842105263,supercritical
408,8,38.0,49,43.0,1.1176470588235294,1.2894736842105263,0.8775510204081632,supercritical
408,9,49.0,43,54.0,1.2894736842105263,0.8775510204081632,1.255813953488372,extinguished
408,10,43.0,54,30.0,0.8775510204081632,1.255813953488372,0.5555555555555556,supercritical
408,11,54.0,30,30.0,1.255813953488372,0.5555555555555556,1.0,extinguished
408,12,30.0,30,35.0,0.5555555555555556,1.0,1.1666666666666667,equilibrium
408,13,30.0,35,36.0,1.0,1.1666666666666667,1.0285714285714285,supercritical
408,14,35.0,36,46.0,1.1666666666666667,1.0285714285714285,1.2777777777777777,equilibrium
408,15,36.0,46,67.0,1.0285714285714285,1.2777777777777777,1.4565217391304348,supercritical
408,16,46.0,67,31.0,1.2777777777777777,1.4565217391304348,0.4626865671641791,supercritical
408,17,67.0,31,35.0,1.4565217391304348,0.4626865671641791,1.1290322580645162,extinguished
408,18,31.0,35,46.0,0.4626865671641791,1.1290322580645162,1.3142857142857145,supercritical
408,19,35.0,46,-1.0,1.1290322580645162,1.3142857142857145,-1.0,supercritical
409,0,-1.0,3,5.0,-1.0,-1.0,1.6666666666666667,initial
409,1,3.0,5,4.0,-1.0,1.6666666666666667,0.8,supercritical
409,2,5.0,4,6.0,1.6666666666666667,0.8,1.5,extinguished
409,3,4.0,6,10.0,0.8,1.5,1.6666666666666667,supercritical
409,4,6.0,10,13.0,1.5,1.6666666666666667,1.3,supercritical
409,5,10.0,13,19.0,1.6666666666666667,1.3,1.4615384615384617,supercritical
409,6,13.0,19,37.0,1.3,1.4615384615384617,1.947368421052632,supercritical
409,7,19.0,37,52.0,1.4615384615384617,1.947368421052632,1.4054054054054057,supercritical
409,8,37.0,52,33.0,1.947368421052632,1.4054054054054057,0.6346153846153846,supercritical
409,9,52.0,33,38.0,1.4054054054054057,0.6346153846153846,1.1515151515151516,extinguished
409,10,33.0,38,38.0,0.6346153846153846,1.1515151515151516,1.0,supercritical
409,11,38.0,38,37.0,1.1515151515151516,1.0,0.9736842105263158,equilibrium
409,12,38.0,37,23.0,1.0,0.9736842105263158,0.6216216216216216,equilibrium
409,13,37.0,23,40.0,0.9736842105263158,0.6216216216216216,1.7391304347826086,extinguished
409,14,23.0,40,52.0,0.6216216216216216,1.7391304347826086,1.3,supercritical
409,15,40.0,52,56.0,1.7391304347826086,1.3,1.0769230769230769,supercritical
409,16,52.0,56,42.0,1.3,1.0769230769230769,0.75,supercritical
409,17,56.0,42,34.0,1.0769230769230769,0.75,0.8095238095238095,extinguished
409,18,42.0,34,37.0,0.75,0.8095238095238095,1.088235294117647,extinguished
409,19,34.0,37,-1.0,0.8095238095238095,1.088235294117647,-1.0,supercritical
410,0,-1.0,2,4.0,-1.0,-1.0,2.0,initial
410,1,2.0,4,6.0,-1.0,2.0,1.5,supercritical
410,2,4.0,6,8.0,2.0,1.5,1.3333333333333333,supercritical
410,3,6.0,8,16.0,1.5,1.3333333333333333,2.0,supercritical
410,4,8.0,16,31.0,1.3333333333333333,2.0,1.9375,supercritical
410,5,16.0,31,60.0,2.0,1.9375,1.935483870967742,supercritical
410,6,31.0,60,53.0,1.9375,1.935483870967742,0.8833333333333333,supercritical
410,7,60.0,53,46.0,1.935483870967742,0.8833333333333333,0.8679245283018868,extinguished
410,8,53.0,46,52.0,0.8833333333333333,0.8679245283018868,1.1304347826086956,extinguished
410,9,46.0,52,36.0,0.8679245283018868,1.1304347826086956,0.6923076923076923,supercritical
410,10,52.0,36,34.0,1.1304347826086956,0.6923076923076923,0.9444444444444444,extinguished
410,11,36.0,34,37.0,0.6923076923076923,0.9444444444444444,1.088235294117647,extinguished
410,12,34.0,37,45.0,0.9444444444444444,1.088235294117647,1.2162162162162162,supercritical
410,13,37.0,45,34.0,1.088235294117647,1.2162162162162162,0.7555555555555555,supercritical
410,14,45.0,34,49.0,1.2162162162162162,0.7555555555555555,1.4411764705882353,extinguished
410,15,34.0,49,54.0,0.7555555555555555,1.4411764705882353,1.1020408163265305,supercritical
410,16,49.0,54,52.0,1.4411764705882353,1.1020408163265305,0.9629629629629628,supercritical
410,17,54.0,52,44.0,1.1020408163265305,0.9629629629629628,0.8461538461538461,equilibrium
410,18,52.0,44,43.0,0.9629629629629628,0.8461538461538461,0.9772727272727272,extinguished
410,19,44.0,43,-1.0,0.8461538461538461,0.9772727272727272,-1.0,equilibrium
411,0,-1.0,2,2.0,-1.0,-1.0,1.0,initial
411,1,2.0,2,6.0,-1.0,1.0,3.0,equilibrium
411,2,2.0,6,13.0,1.0,3.0,2.1666666666666665,supercritical
411,3,6.0,13,18.0,3.0,2.1666666666666665,1.3846153846153846,supercritical
411,4,13.0,18,31.0,2.1666666666666665,1.3846153846153846,1.7222222222222223,supercritical
411,5,18.0,31,48.0,1.3846153846153846,1.7222222222222223,1.5483870967741935,supercritical
411,6,31.0,48,61.0,1.7222222222222223,1.5483870967741935,1.2708333333333333,supercritical
411,7,48.0,61,61.0,1.5483870967741935,1.2708333333333333,1.0,supercritical
411,8,61.0,61,51.0,1.2708333333333333,1.0,0.8360655737704918,equilibrium
411,9,61.0,51,63.0,1.0,0.8360655737704918,1.2352941176470589,extinguished
411,10,51.0,63,54.0,0.8360655737704918,1.2352941176470589,0.8571428571428571,supercritical
411,11,63.0,54,61.0,1.2352941176470589,0.8571428571428571,1.1296296296296295,extinguished
411,12,54.0,61,23.0,0.8571428571428571,1.1296296296296295,0.3770491803278688,supercritical
411,13,61.0,23,33.0,1.1296296296296295,0.3770491803278688,1.434782608695652,extinguished
411,14,23.0,33,43.0,0.3770491803278688,1.434782608695652,1.303030303030303,supercritical
411,15,33.0,43,56.0,1.434782608695652,1.303030303030303,1.302325581395349,supercritical
411,16,43.0,56,42.0,1.303030303030303,1.302325581395349,0.75,supercritical
411,17,56.0,42,43.0,1.302325581395349,0.75,1.0238095238095235,extinguished
411,18,42.0,43,63.0,0.75,1.0238095238095235,1.4651162790697674,equilibrium
411,19,43.0,63,-1.0,1.0238095238095235,1.4651162790697674,-1.0,supercritical
412,0,-1.0,3,6.0,-1.0,-1.0,2.0,initial
412,1,3.0,6,10.0,-1.0,2.0,1.6666666666666667,supercritical
412,2,6.0,10,10.0,2.0,1.6666666666666667,1.0,supercritical
412,3,10.0,10,18.0,1.6666666666666667,1.0,1.8,equilibrium
412,4,10.0,18,24.0,1.0,1.8,1.3333333333333333,supercritical
412,5,18.0,24,36.0,1.8,1.3333333333333333,1.5,supercritical
412,6,24.0,36,44.0,1.3333333333333333,1.5,1.2222222222222223,supercritical
412,7,36.0,44,42.0,1.5,1.2222222222222223,0.9545454545454546,supercritical
412,8,44.0,42,44.0,1.2222222222222223,0.9545454545454546,1.0476190476190477,equilibrium
412,9,42.0,44,45.0,0.9545454545454546,1.0476190476190477,1.0227272727272727,equilibrium
412,10,44.0,45,48.0,1.0476190476190477,1.0227272727272727,1.0666666666666669,equilibrium
412,11,45.0,48,32.0,1.0227272727272727,1.0666666666666669,0.6666666666666666,supercritical
412,12,48.0,32,44.0,1.0666666666666669,0.6666666666666666,1.375,extinguished
412,13,32.0,44,44.0,0.6666666666666666,1.375,1.0,supercritical
412,14,44.0,44,53.0,1.375,1.0,1.2045454545454546,equilibrium
412,15,44.0,53,41.0,1.0,1.2045454545454546,0.7735849056603774,supercritical
412,16,53.0,41,47.0,1.2045454545454546,0.7735849056603774,1.146341463414634,extinguished
412,17,41.0,47,40.0,0.7735849056603774,1.146341463414634,0.851063829787234,supercritical
412,18,47.0,40,43.0,1.146341463414634,0.851063829787234,1.075,extinguished
412,19,40.0,43,-1.0,0.851063829787234,1.075,-1.0,supercritical
413,0,-1.0,4,9.0,-1.0,-1.0,2.25,initial
413,1,4.0,9,16.0,-1.0,2.25,1.7777777777777777,supercritical
413,2,9.0,16,26.0,2.25,1.7777777777777777,1.625,supercritical
413,3,16.0,26,33.0,1.7777777777777777,1.625,1.2692307692307692,supercritical
413,4,26.0,33,37.0,1.625,1.2692307692307692,1.121212121212121,supercritical
413,5,33.0,37,52.0,1.2692307692307692,1.121212121212121,1.4054054054054057,supercritical
413,6,37.0,52,67.0,1.121212121212121,1.4054054054054057,1.2884615384615383,supercritical
413,7,52.0,67,41.0,1.4054054054054057,1.2884615384615383,0.6119402985074627,supercritical
413,8,67.0,41,54.0,1.2884615384615383,0.6119402985074627,1.3170731707317074,extinguished
413,9,41.0,54,64.0,0.6119402985074627,1.3170731707317074,1.1851851851851851,supercritical
413,10,54.0,64,57.0,1.3170731707317074,1.1851851851851851,0.890625,supercritical
413,11,64.0,57,37.0,1.1851851851851851,0.890625,0.6491228070175439,extinguished
413,12,57.0,37,30.0,0.890625,0.6491228070175439,0.8108108108108109,extinguished
413,13,37.0,30,56.0,0.6491228070175439,0.8108108108108109,1.8666666666666667,extinguished
413,14,30.0,56,38.0,0.8108108108108109,1.8666666666666667,0.6785714285714286,supercritical
413,15,56.0,38,61.0,1.8666666666666667,0.6785714285714286,1.605263157894737,extinguished
413,16,38.0,61,48.0,0.6785714285714286,1.605263157894737,0.7868852459016393,supercritical
413,17,61.0,48,46.0,1.605263157894737,0.7868852459016393,0.9583333333333334,extinguished
413,18,48.0,46,52.0,0.7868852459016393,0.9583333333333334,1.1304347826086956,equilibrium
413,19,46.0,52,-1.0,0.9583333333333334,1.1304347826086956,-1.0,supercritical
414,0,-1.0,5,6.0,-1.0,-1.0,1.2,initial
414,1,5.0,6,12.0,-1.0,1.2,2.0,supercritical
414,2,6.0,12,26.0,1.2,2.0,2.1666666666666665,supercritical
414,3,12.0,26,44.0,2.0,2.1666666666666665,1.6923076923076923,supercritical
414,4,26.0,44,49.0,2.1666666666666665,1.6923076923076923,1.1136363636363635,supercritical
414,5,44.0,49,52.0,1.6923076923076923,1.1136363636363635,1.0612244897959184,supercritical
414,6,49.0,52,68.0,1.1136363636363635,1.0612244897959184,1.3076923076923077,supercritical
414,7,52.0,68,43.0,1.0612244897959184,1.3076923076923077,0.6323529411764706,supercritical
414,8,68.0,43,45.0,1.3076923076923077,0.6323529411764706,1.0465116279069768,extinguished
414,9,43.0,45,57.0,0.6323529411764706,1.0465116279069768,1.2666666666666666,equilibrium
414,10,45.0,57,49.0,1.0465116279069768,1.2666666666666666,0.8596491228070176,supercritical
414,11,57.0,49,63.0,1.2666666666666666,0.8596491228070176,1.2857142857142858,extinguished
414,12,49.0,63,48.0,0.8596491228070176,1.2857142857142858,0.7619047619047619,supercritical
414,13,63.0,48,37.0,1.2857142857142858,0.7619047619047619,0.7708333333333334,extinguished
414,14,48.0,37,51.0,0.7619047619047619,0.7708333333333334,1.3783783783783785,extinguished
414,15,37.0,51,35.0,0.7708333333333334,1.3783783783783785,0.6862745098039216,supercritical
414,16,51.0,35,53.0,1.3783783783783785,0.6862745098039216,1.5142857142857142,extinguished
414,17,35.0,53,59.0,0.6862745098039216,1.5142857142857142,1.1132075471698113,supercritical
414,18,53.0,59,62.0,1.5142857142857142,1.1132075471698113,1.0508474576271187,supercritical
414,19,59.0,62,-1.0,1.1132075471698113,1.0508474576271187,-1.0,supercritical
415,0,-1.0,5,9.0,-1.0,-1.0,1.8,initial
415,1,5.0,9,10.0,-1.0,1.8,1.1111111111111112,supercritical
415,2,9.0,10,15.0,1.8,1.1111111111111112,1.5,supercritical
415,3,10.0,15,27.0,1.1111111111111112,1.5,1.8,supercritical
415,4,15.0,27,41.0,1.5,1.8,1.5185185185185186,supercritical
415,5,27.0,41,49.0,1.8,1.5185185185185186,1.195121951219512,supercritical
415,6,41.0,49,58.0,1.5185185185185186,1.195121951219512,1.183673469387755,supercritical
415,7,49.0,58,56.0,1.195121951219512,1.183673469387755,0.9655172413793104,supercritical
415,8,58.0,56,48.0,1.183673469387755,0.9655172413793104,0.8571428571428571,equilibrium
415,9,56.0,48,50.0,0.9655172413793104,0.8571428571428571,1.0416666666666667,extinguished
415,10,48.0,50,39.0,0.8571428571428571,1.0416666666666667,0.78,equilibrium
415,11,50.0,39,47.0,1.0416666666666667,0.78,1.205128205128205,extinguished
415,12,39.0,47,52.0,0.78,1.205128205128205,1.1063829787234043,supercritical
415,13,47.0,52,55.0,1.205128205128205,1.1063829787234043,1.0576923076923077,supercritical
415,14,52.0,55,39.0,1.1063829787234043,1.0576923076923077,0.7090909090909091,supercritical
415,15,55.0,39,39.0,1.0576923076923077,0.7090909090909091,1.0,extinguished
415,16,39.0,39,41.0,0.7090909090909091,1.0,1.051282051282051,equilibrium
415,17,39.0,41,47.0,1.0,1.051282051282051,1.146341463414634,supercritical
415,18,41.0,47,36.0,1.051282051282051,1.146341463414634,0.7659574468085106,supercritical
415,19,47.0,36,-1.0,1.146341463414634,0.7659574468085106,-1.0,extinguished
416,0,-1.0,2,4.0,-1.0,-1.0,2.0,initial
416,1,2.0,4,6.0,-1.0,2.0,1.5,supercritical
416,2,4.0,6,15.0,2.0,1.5,2.5,supercritical
416,3,6.0,15,27.0,1.5,2.5,1.8,supercritical
416,4,15.0,27,44.0,2.5,1.8,1.6296296296296295,supercritical
416,5,27.0,44,61.0,1.8,1.6296296296296295,1.3863636363636365,supercritical
416,6,44.0,61,63.0,1.6296296296296295,1.3863636363636365,1.0327868852459017,supercritical
416,7,61.0,63,51.0,1.3863636363636365,1.0327868852459017,0.8095238095238095,equilibrium
416,8,63.0,51,41.0,1.0327868852459017,0.8095238095238095,0.803921568627451,extinguished
416,9,51.0,41,44.0,0.8095238095238095,0.803921568627451,1.0731707317073171,extinguished
416,10,41.0,44,37.0,0.803921568627451,1.0731707317073171,0.8409090909090909,supercritical
416,11,44.0,37,41.0,1.0731707317073171,0.8409090909090909,1.108108108108108,extinguished
416,12,37.0,41,52.0,0.8409090909090909,1.108108108108108,1.2682926829268293,supercritical
416,13,41.0,52,52.0,1.108108108108108,1.2682926829268293,1.0,supercritical
416,14,52.0,52,47.0,1.2682926829268293,1.0,0.903846153846154,equilibrium
416,15,52.0,47,35.0,1.0,0.903846153846154,0.7446808510638298,extinguished
416,16,47.0,35,46.0,0.903846153846154,0.7446808510638298,1.3142857142857145,extinguished
416,17,35.0,46,62.0,0.7446808510638298,1.3142857142857145,1.3478260869565215,supercritical
416,18,46.0,62,32.0,1.3142857142857145,1.3478260869565215,0.5161290322580645,supercritical
416,19,62.0,32,-1.0,1.3478260869565215,0.5161290322580645,-1.0,extinguished
417,0,-1.0,4,12.0,-1.0,-1.0,3.0,initial
417,1,4.0,12,29.0,-1.0,3.0,2.4166666666666665,supercritical
417,2,12.0,29,44.0,3.0,2.4166666666666665,1.5172413793103448,supercritical
417,3,29.0,44,27.0,2.4166666666666665,1.5172413793103448,0.6136363636363636,supercritical
417,4,44.0,27,43.0,1.5172413793103448,0.6136363636363636,1.5925925925925926,extinguished
417,5,27.0,43,70.0,0.6136363636363636,1.5925925925925926,1.627906976744186,supercritical
417,6,43.0,70,50.0,1.5925925925925926,1.627906976744186,0.7142857142857143,supercritical
417,7,70.0,50,34.0,1.627906976744186,0.7142857142857143,0.68,extinguished
417,8,50.0,34,38.0,0.7142857142857143,0.68,1.1176470588235294,extinguished
417,9,34.0,38,37.0,0.68,1.1176470588235294,0.9736842105263158,supercritical
417,10,38.0,37,54.0,1.1176470588235294,0.9736842105263158,1.4594594594594594,equilibrium
417,11,37.0,54,50.0,0.9736842105263158,1.4594594594594594,0.925925925925926,supercritical
417,12,54.0,50,64.0,1.4594594594594594,0.925925925925926,1.28,extinguished
417,13,50.0,64,41.0,0.925925925925926,1.28,0.640625,supercritical
417,14,64.0,41,69.0,1.28,0.640625,1.6829268292682926,extinguished
417,15,41.0,69,43.0,0.640625,1.6829268292682926,0.6231884057971014,supercritical
417,16,69.0,43,51.0,1.6829268292682926,0.6231884057971014,1.186046511627907,extinguished
417,17,43.0,51,42.0,0.6231884057971014,1.186046511627907,0.8235294117647058,supercritical
417,18,51.0,42,60.0,1.186046511627907,0.8235294117647058,1.4285714285714286,extinguished
417,19,42.0,60,-1.0,0.8235294117647058,1.4285714285714286,-1.0,supercritical
418,0,-1.0,2,3.0,-1.0,-1.0,1.5,initial
418,1,2.0,3,2.0,-1.0,1.5,0.6666666666666666,supercritical
418,2,3.0,2,4.0,1.5,0.6666666666666666,2.0,extinguished
418,3,2.0,4,6.0,0.6666666666666666,2.0,1.5,supercritical
418,4,4.0,6,10.0,2.0,1.5,1.6666666666666667,supercritical
418,5,6.0,10,30.0,1.5,1.6666666666666667,3.0,supercritical
418,6,10.0,30,52.0,1.6666666666666667,3.0,1.7333333333333334,supercritical
418,7,30.0,52,56.0,3.0,1.7333333333333334,1.0769230769230769,supercritical
418,8,52.0,56,46.0,1.7333333333333334,1.0769230769230769,0.8214285714285714,supercritical
418,9,56.0,46,57.0,1.0769230769230769,0.8214285714285714,1.2391304347826086,extinguished
418,10,46.0,57,45.0,0.8214285714285714,1.2391304347826086,0.7894736842105263,supercritical
418,11,57.0,45,43.0,1.2391304347826086,0.7894736842105263,0.9555555555555556,extinguished
418,12,45.0,43,50.0,0.7894736842105263,0.9555555555555556,1.162790697674419,equilibrium
418,13,43.0,50,53.0,0.9555555555555556,1.162790697674419,1.06,supercritical
418,14,50.0,53,62.0,1.162790697674419,1.06,1.169811320754717,supercritical
418,15,53.0,62,46.0,1.06,1.169811320754717,0.7419354838709677,supercritical
418,16,62.0,46,45.0,1.169811320754717,0.7419354838709677,0.9782608695652174,extinguished
418,17,46.0,45,52.0,0.7419354838709677,0.9782608695652174,1.1555555555555554,equilibrium
418,18,45.0,52,54.0,0.9782608695652174,1.1555555555555554,1.0384615384615383,supercritical
418,19,52.0,54,-1.0,1.1555555555555554,1.0384615384615383,-1.0,equilibrium
419,0,-1.0,3,3.0,-1.0,-1.0,1.0,initial
419,1,3.0,3,2.0,-1.0,1.0,0.6666666666666666,equilibrium
419,2,3.0,2,4.0,1.0,0.6666666666666666,2.0,extinguished
419,3,2.0,4,5.0,0.6666666666666666,2.0,1.25,supercritical
419,4,4.0,5,10.0,2.0,1.25,2.0,supercritical
419,5,5.0,10,6.0,1.25,2.0,0.6,supercritical
419,6,10.0,6,9.0,2.0,0.6,1.5,extinguished
419,7,6.0,9,13.0,0.6,1.5,1.4444444444444444,supercritical
419,8,9.0,13,19.0,1.5,1.4444444444444444,1.4615384615384617,supercritical
419,9,13.0,19,34.0,1.4444444444444444,1.4615384615384617,1.7894736842105263,supercritical
419,10,19.0,34,32.0,1.4615384615384617,1.7894736842105263,0.9411764705882352,supercritical
419,11,34.0,32,45.0,1.7894736842105263,0.9411764705882352,1.40625,extinguished
419,12,32.0,45,58.0,0.9411764705882352,1.40625,1.288888888888889,supercritical
419,13,45.0,58,60.0,1.40625,1.288888888888889,1.0344827586206895,supercritical
419,14,58.0,60,51.0,1.288888888888889,1.0344827586206895,0.85,equilibrium
419,15,60.0,51,58.0,1.0344827586206895,0.85,1.1372549019607845,extinguished
419,16,51.0,58,48.0,0.85,1.1372549019607845,0.8275862068965517,supercritical
419,17,58.0,48,33.0,1.1372549019607845,0.8275862068965517,0.6875,extinguished
419,18,48.0,33,42.0,0.8275862068965517,0.6875,1.2727272727272727,extinguished
419,19,33.0,42,-1.0,0.6875,1.2727272727272727,-1.0,supercritical
420,0,-1.0,4,20.0,-1.0,-1.0,5.0,initial
420,1,4.0,20,37.0,-1.0,5.0,1.85,supercritical
420,2,20.0,37,41.0,5.0,1.85,1.108108108108108,supercritical
420,3,37.0,41,42.0,1.85,1.108108108108108,1.024390243902439,supercritical
420,4,41.0,42,54.0,1.108108108108108,1.024390243902439,1.2857142857142858,equilibrium
420,5,42.0,54,38.0,1.024390243902439,1.2857142857142858,0.7037037037037037,supercritical
420,6,54.0,38,34.0,1.2857142857142858,0.7037037037037037,0.8947368421052632,extinguished
420,7,38.0,34,43.0,0.7037037037037037,0.8947368421052632,1.2647058823529411,extinguished
420,8,34.0,43,53.0,0.8947368421052632,1.2647058823529411,1.2325581395348837,supercritical
420,9,43.0,53,49.0,1.2647058823529411,1.2325581395348837,0.9245283018867924,supercritical
420,10,53.0,49,47.0,1.2325581395348837,0.9245283018867924,0.9591836734693876,extinguished
420,11,49.0,47,50.0,0.9245283018867924,0.9591836734693876,1.0638297872340423,equilibrium
420,12,47.0,50,58.0,0.9591836734693876,1.0638297872340423,1.16,supercritical
420,13,50.0,58,68.0,1.0638297872340423,1.16,1.1724137931034482,supercritical
420,14,58.0,68,42.0,1.16,1.1724137931034482,0.6176470588235294,supercritical
420,15,68.0,42,55.0,1.1724137931034482,0.6176470588235294,1.3095238095238095,extinguished
420,16,42.0,55,56.0,0.6176470588235294,1.3095238095238095,1.018181818181818,supercritical
420,17,55.0,56,56.0,1.3095238095238095,1.018181818181818,1.0,equilibrium
420,18,56.0,56,44.0,1.018181818181818,1.0,0.7857142857142857,equilibrium
420,19,56.0,44,-1.0,1.0,0.7857142857142857,-1.0,extinguished
421,0,-1.0,4,4.0,-1.0,-1.0,1.0,initial
421,1,4.0,4,9.0,-1.0,1.0,2.25,equilibrium
421,2,4.0,9,10.0,1.0,2.25,1.1111111111111112,supercritical
421,3,9.0,10,15.0,2.25,1.1111111111111112,1.5,supercritical
421,4,10.0,15,24.0,1.1111111111111112,1.5,1.6,supercritical
421,5,15.0,24,30.0,1.5,1.6,1.25,supercritical
421,6,24.0,30,38.0,1.6,1.25,1.2666666666666666,supercritical
421,7,30.0,38,38.0,1.25,1.2666666666666666,1.0,supercritical
421,8,38.0,38,46.0,1.2666666666666666,1.0,1.2105263157894737,equilibrium
421,9,38.0,46,37.0,1.0,1.2105263157894737,0.8043478260869565,supercritical
421,10,46.0,37,33.0,1.2105263157894737,0.8043478260869565,0.8918918918918919,extinguished
421,11,37.0,33,37.0,0.8043478260869565,0.8918918918918919,1.121212121212121,extinguished
421,12,33.0,37,42.0,0.8918918918918919,1.121212121212121,1.135135135135135,supercritical
421,13,37.0,42,29.0,1.121212121212121,1.135135135135135,0.6904761904761905,supercritical
421,14,42.0,29,33.0,1.135135135135135,0.6904761904761905,1.137931034482759,extinguished
421,15,29.0,33,37.0,0.6904761904761905,1.137931034482759,1.121212121212121,supercritical
421,16,33.0,37,39.0,1.137931034482759,1.121212121212121,1.054054054054054,supercritical
421,17,37.0,39,42.0,1.121212121212121,1.054054054054054,1.0769230769230769,supercritical
421,18,39.0,42,34.0,1.054054054054054,1.0769230769230769,0.8095238095238095,supercritical
421,19,42.0,34,-1.0,1.0769230769230769,0.8095238095238095,-1.0,extinguished
422,0,-1.0,4,8.0,-1.0,-1.0,2.0,initial
422,1,4.0,8,18.0,-1.0,2.0,2.25,supercritical
422,2,8.0,18,24.0,2.0,2.25,1.3333333333333333,supercritical
422,3,18.0,24,40.0,2.25,1.3333333333333333,1.6666666666666667,supercritical
422,4,24.0,40,58.0,1.3333333333333333,1.6666666666666667,1.45,supercritical
422,5,40.0,58,45.0,1.6666666666666667,1.45,0.7758620689655172,supercritical
422,6,58.0,45,61.0,1.45,0.7758620689655172,1.3555555555555556,extinguished
422,7,45.0,61,34.0,0.7758620689655172,1.3555555555555556,0.5573770491803278,supercritical
422,8,61.0,34,32.0,1.3555555555555556,0.5573770491803278,0.9411764705882352,extinguished
422,9,34.0,32,45.0,0.5573770491803278,0.9411764705882352,1.40625,extinguished
422,10,32.0,45,35.0,0.9411764705882352,1.40625,0.7777777777777778,supercritical
422,11,45.0,35,46.0,1.40625,0.7777777777777778,1.3142857142857145,extinguished
422,12,35.0,46,48.0,0.7777777777777778,1.3142857142857145,1.0434782608695652,supercritical
422,13,46.0,48,43.0,1.3142857142857145,1.0434782608695652,0.8958333333333334,equilibrium
422,14,48.0,43,54.0,1.0434782608695652,0.8958333333333334,1.255813953488372,extinguished
422,15,43.0,54,50.0,0.8958333333333334,1.255813953488372,0.925925925925926,supercritical
422,16,54.0,50,62.0,1.255813953488372,0.925925925925926,1.24,extinguished
422,17,50.0,62,42.0,0.925925925925926,1.24,0.6774193548387096,supercritical
422,18,62.0,42,65.0,1.24,0.6774193548387096,1.5476190476190477,extinguished
422,19,42.0,65,-1.0,0.6774193548387096,1.5476190476190477,-1.0,supercritical
423,0,-1.0,3,6.0,-1.0,-1.0,2.0,initial
423,1,3.0,6,18.0,-1.0,2.0,3.0,supercritical
423,2,6.0,18,32.0,2.0,3.0,1.7777777777777777,supercritical
423,3,18.0,32,50.0,3.0,1.7777777777777777,1.5625,supercritical
423,4,32.0,50,66.0,1.7777777777777777,1.5625,1.32,supercritical
423,5,50.0,66,53.0,1.5625,1.32,0.803030303030303,supercritical
423,6,66.0,53,65.0,1.32,0.803030303030303,1.2264150943396226,extinguished
423,7,53.0,65,64.0,0.803030303030303,1.2264150943396226,0.9846153846153848,supercritical
423,8,65.0,64,36.0,1.2264150943396226,0.9846153846153848,0.5625,equilibrium
423,9,64.0,36,68.0,0.9846153846153848,0.5625,1.8888888888888888,extinguished
423,10,36.0,68,32.0,0.5625,1.8888888888888888,0.4705882352941176,supercritical
423,11,68.0,32,67.0,1.8888888888888888,0.4705882352941176,2.09375,extinguished
423,12,32.0,67,51.0,0.4705882352941176,2.09375,0.7611940298507462,supercritical
423,13,67.0,51,56.0,2.09375,0.7611940298507462,1.0980392156862746,extinguished
423,14,51.0,56,69.0,0.7611940298507462,1.0980392156862746,1.2321428571428572,supercritical
423,15,56.0,69,46.0,1.0980392156862746,1.2321428571428572,0.6666666666666666,supercritical
423,16,69.0,46,57.0,1.2321428571428572,0.6666666666666666,1.2391304347826086,extinguished
423,17,46.0,57,57.0,0.6666666666666666,1.2391304347826086,1.0,supercritical
423,18,57.0,57,57.0,1.2391304347826086,1.0,1.0,equilibrium
423,19,57.0,57,-1.0,1.0,1.0,-1.0,equilibrium
424,0,-1.0,5,4.0,-1.0,-1.0,0.8,initial
424,1,5.0,4,5.0,-1.0,0.8,1.25,extinguished
424,2,4.0,5,11.0,0.8,1.25,2.2,supercritical
424,3,5.0,11,23.0,1.25,2.2,2.090909090909091,supercritical
424,4,11.0,23,43.0,2.2,2.090909090909091,1.8695652173913044,supercritical
424,5,23.0,43,46.0,2.090909090909091,1.8695652173913044,1.069767441860465,supercritical
424,6,43.0,46,33.0,1.8695652173913044,1.069767441860465,0.717391304347826,supercritical
424,7,46.0,33,45.0,1.069767441860465,0.717391304347826,1.3636363636363635,extinguished
424,8,33.0,45,39.0,0.717391304347826,1.3636363636363635,0.8666666666666667,supercritical
424,9,45.0,39,70.0,1.3636363636363635,0.8666666666666667,1.794871794871795,extinguished
424,10,39.0,70,56.0,0.8666666666666667,1.794871794871795,0.8,supercritical
424,11,70.0,56,29.0,1.794871794871795,0.8,0.5178571428571429,extinguished
424,12,56.0,29,44.0,0.8,0.5178571428571429,1.5172413793103448,extinguished
424,13,29.0,44,49.0,0.5178571428571429,1.5172413793103448,1.1136363636363635,supercritical
424,14,44.0,49,52.0,1.5172413793103448,1.1136363636363635,1.0612244897959184,supercritical
424,15,49.0,52,48.0,1.1136363636363635,1.0612244897959184,0.9230769230769232,supercritical
424,16,52.0,48,50.0,1.0612244897959184,0.9230769230769232,1.0416666666666667,extinguished
424,17,48.0,50,54.0,0.9230769230769232,1.0416666666666667,1.08,equilibrium
424,18,50.0,54,34.0,1.0416666666666667,1.08,0.6296296296296297,supercritical
424,19,54.0,34,-1.0,1.08,0.6296296296296297,-1.0,extinguished
425,0,-1.0,4,9.0,-1.0,-1.0,2.25,initial
425,1,4.0,9,22.0,-1.0,2.25,2.4444444444444446,supercritical
425,2,9.0,22,28.0,2.25,2.4444444444444446,1.2727272727272727,supercritical
425,3,22.0,28,41.0,2.4444444444444446,1.2727272727272727,1.4642857142857142,supercritical
425,4,28.0,41,52.0,1.2727272727272727,1.4642857142857142,1.2682926829268293,supercritical
425,5,41.0,52,43.0,1.4642857142857142,1.2682926829268293,0.8269230769230769,supercritical
425,6,52.0,43,42.0,1.2682926829268293,0.8269230769230769,0.9767441860465116,extinguished
425,7,43.0,42,60.0,0.8269230769230769,0.9767441860465116,1.4285714285714286,equilibrium
425,8,42.0,60,29.0,0.9767441860465116,1.4285714285714286,0.4833333333333333,supercritical
425,9,60.0,29,45.0,1.4285714285714286,0.4833333333333333,1.5517241379310345,extinguished
425,10,29.0,45,37.0,0.4833333333333333,1.5517241379310345,0.8222222222222222,supercritical
425,11,45.0,37,44.0,1.5517241379310345,0.8222222222222222,1.1891891891891893,extinguished
425,12,37.0,44,43.0,0.8222222222222222,1.1891891891891893,0.9772727272727272,supercritical
425,13,44.0,43,60.0,1.1891891891891893,0.9772727272727272,1.3953488372093024,equilibrium
425,14,43.0,60,57.0,0.9772727272727272,1.3953488372093024,0.95,supercritical
425,15,60.0,57,37.0,1.3953488372093024,0.95,0.6491228070175439,equilibrium
425,16,57.0,37,48.0,0.95,0.6491228070175439,1.2972972972972974,extinguished
425,17,37.0,48,48.0,0.6491228070175439,1.2972972972972974,1.0,supercritical
425,18,48.0,48,30.0,1.2972972972972974,1.0,0.625,equilibrium
425,19,48.0,30,-1.0,1.0,0.625,-1.0,extinguished
426,0,-1.0,1,3.0,-1.0,-1.0,3.0,initial
426,1,1.0,3,4.0,-1.0,3.0,1.3333333333333333,supercritical
426,2,3.0,4,3.0,3.0,1.3333333333333333,0.75,supercritical
426,3,4.0,3,1.0,1.3333333333333333,0.75,0.3333333333333333,extinguished
426,4,3.0,1,4.0,0.75,0.3333333333333333,4.0,extinguished
426,5,1.0,4,6.0,0.3333333333333333,4.0,1.5,supercritical
426,6,4.0,6,9.0,4.0,1.5,1.5,supercritical
426,7,6.0,9,13.0,1.5,1.5,1.4444444444444444,supercritical
426,8,9.0,13,19.0,1.5,1.4444444444444444,1.4615384615384617,supercritical
426,9,13.0,19,38.0,1.4444444444444444,1.4615384615384617,2.0,supercritical
426,10,19.0,38,44.0,1.4615384615384617,2.0,1.1578947368421053,supercritical
426,11,38.0,44,36.0,2.0,1.1578947368421053,0.8181818181818182,supercritical
426,12,44.0,36,44.0,1.1578947368421053,0.8181818181818182,1.2222222222222223,extinguished
426,13,36.0,44,48.0,0.8181818181818182,1.2222222222222223,1.0909090909090908,supercritical
426,14,44.0,48,47.0,1.2222222222222223,1.0909090909090908,0.9791666666666666,supercritical
426,15,48.0,47,33.0,1.0909090909090908,0.9791666666666666,0.7021276595744681,equilibrium
426,16,47.0,33,51.0,0.9791666666666666,0.7021276595744681,1.5454545454545454,extinguished
426,17,33.0,51,45.0,0.7021276595744681,1.5454545454545454,0.8823529411764706,supercritical
426,18,51.0,45,48.0,1.5454545454545454,0.8823529411764706,1.0666666666666669,extinguished
426,19,45.0,48,-1.0,0.8823529411764706,1.0666666666666669,-1.0,supercritical
427,0,-1.0,4,9.0,-1.0,-1.0,2.25,initial
427,1,4.0,9,19.0,-1.0,2.25,2.111111111111111,supercritical
427,2,9.0,19,29.0,2.25,2.111111111111111,1.5263157894736843,supercritical
427,3,19.0,29,40.0,2.111111111111111,1.5263157894736843,1.3793103448275863,supercritical
427,4,29.0,40,50.0,1.5263157894736843,1.3793103448275863,1.25,supercritical
427,5,40.0,50,61.0,1.3793103448275863,1.25,1.22,supercritical
427,6,50.0,61,45.0,1.25,1.22,0.7377049180327869,supercritical
427,7,61.0,45,40.0,1.22,0.7377049180327869,0.8888888888888888,extinguished
427,8,45.0,40,45.0,0.7377049180327869,0.8888888888888888,1.125,extinguished
427,9,40.0,45,45.0,0.8888888888888888,1.125,1.0,supercritical
427,10,45.0,45,44.0,1.125,1.0,0.9777777777777776,equilibrium
427,11,45.0,44,69.0,1.0,0.9777777777777776,1.568181818181818,equilibrium
427,12,44.0,69,34.0,0.9777777777777776,1.568181818181818,0.4927536231884058,supercritical
427,13,69.0,34,36.0,1.568181818181818,0.4927536231884058,1.0588235294117647,extinguished
427,14,34.0,36,25.0,0.4927536231884058,1.0588235294117647,0.6944444444444444,supercritical
427,15,36.0,25,39.0,1.0588235294117647,0.6944444444444444,1.56,extinguished
427,16,25.0,39,38.0,0.6944444444444444,1.56,0.9743589743589745,supercritical
427,17,39.0,38,64.0,1.56,0.9743589743589745,1.6842105263157894,equilibrium
427,18,38.0,64,54.0,0.9743589743589745,1.6842105263157894,0.84375,supercritical
427,19,64.0,54,-1.0,1.6842105263157894,0.84375,-1.0,extinguished
428,0,-1.0,4,3.0,-1.0,-1.0,0.75,initial
428,1,4.0,3,4.0,-1.0,0.75,1.3333333333333333,extinguished
428,2,3.0,4,11.0,0.75,1.3333333333333333,2.75,supercritical
428,3,4.0,11,12.0,1.3333333333333333,2.75,1.0909090909090908,supercritical
428,4,11.0,12,28.0,2.75,1.0909090909090908,2.333333333333333,supercritical
428,5,12.0,28,39.0,1.0909090909090908,2.333333333333333,1.3928571428571428,supercritical
428,6,28.0,39,44.0,2.333333333333333,1.3928571428571428,1.1282051282051282,supercritical
428,7,39.0,44,58.0,1.3928571428571428,1.1282051282051282,1.318181818181818,supercritical
428,8,44.0,58,35.0,1.1282051282051282,1.318181818181818,0.603448275862069,supercritical
428,9,58.0,35,52.0,1.318181818181818,0.603448275862069,1.4857142857142858,extinguished
428,10,35.0,52,60.0,0.603448275862069,1.4857142857142858,1.1538461538461535,supercritical
428,11,52.0,60,32.0,1.4857142857142858,1.1538461538461535,0.5333333333333333,supercritical
428,12,60.0,32,44.0,1.1538461538461535,0.5333333333333333,1.375,extinguished
428,13,32.0,44,40.0,0.5333333333333333,1.375,0.9090909090909092,supercritical
428,14,44.0,40,58.0,1.375,0.9090909090909092,1.45,extinguished
428,15,40.0,58,63.0,0.9090909090909092,1.45,1.0862068965517242,supercritical
428,16,58.0,63,42.0,1.45,1.0862068965517242,0.6666666666666666,supercritical
428,17,63.0,42,41.0,1.0862068965517242,0.6666666666666666,0.9761904761904762,extinguished
428,18,42.0,41,48.0,0.6666666666666666,0.9761904761904762,1.170731707317073,equilibrium
428,19,41.0,48,-1.0,0.9761904761904762,1.170731707317073,-1.0,supercritical
429,0,-1.0,1,1.0,-1.0,-1.0,1.0,initial
429,1,1.0,1,2.0,-1.0,1.0,2.0,equilibrium
429,2,1.0,2,1.0,1.0,2.0,0.5,supercritical
429,3,2.0,1,1.0,2.0,0.5,1.0,extinguished
429,4,1.0,1,1.0,0.5,1.0,1.0,equilibrium
429,5,1.0,1,1.0,1.0,1.0,1.0,equilibrium
429,6,1.0,1,3.0,1.0,1.0,3.0,equilibrium
429,7,1.0,3,5.0,1.0,3.0,1.6666666666666667,supercritical
429,8,3.0,5,12.0,3.0,1.6666666666666667,2.4,supercritical
429,9,5.0,12,28.0,1.6666666666666667,2.4,2.333333333333333,supercritical
429,10,12.0,28,44.0,2.4,2.333333333333333,1.5714285714285714,supercritical
429,11,28.0,44,41.0,2.333333333333333,1.5714285714285714,0.9318181818181818,supercritical
429,12,44.0,41,49.0,1.5714285714285714,0.9318181818181818,1.195121951219512,extinguished
429,13,41.0,49,60.0,0.9318181818181818,1.195121951219512,1.2244897959183674,supercritical
429,14,49.0,60,73.0,1.195121951219512,1.2244897959183674,1.2166666666666666,supercritical
429,15,60.0,73,47.0,1.2244897959183674,1.2166666666666666,0.6438356164383562,supercritical
429,16,73.0,47,57.0,1.2166666666666666,0.6438356164383562,1.2127659574468086,extinguished
429,17,47.0,57,47.0,0.6438356164383562,1.2127659574468086,0.8245614035087719,supercritical
429,18,57.0,47,44.0,1.2127659574468086,0.8245614035087719,0.9361702127659576,extinguished
429,19,47.0,44,-1.0,0.8245614035087719,0.9361702127659576,-1.0,extinguished
430,0,-1.0,3,7.0,-1.0,-1.0,2.333333333333333,initial
430,1,3.0,7,10.0,-1.0,2.333333333333333,1.4285714285714286,supercritical
430,2,7.0,10,20.0,2.333333333333333,1.4285714285714286,2.0,supercritical
430,3,10.0,20,21.0,1.4285714285714286,2.0,1.05,supercritical
430,4,20.0,21,29.0,2.0,1.05,1.380952380952381,equilibrium
430,5,21.0,29,40.0,1.05,1.380952380952381,1.3793103448275863,supercritical
430,6,29.0,40,43.0,1.380952380952381,1.3793103448275863,1.075,supercritical
430,7,40.0,43,44.0,1.3793103448275863,1.075,1.0232558139534884,supercritical
430,8,43.0,44,49.0,1.075,1.0232558139534884,1.1136363636363635,equilibrium
430,9,44.0,49,56.0,1.0232558139534884,1.1136363636363635,1.1428571428571428,supercritical
430,10,49.0,56,52.0,1.1136363636363635,1.1428571428571428,0.9285714285714286,supercritical
430,11,56.0,52,39.0,1.1428571428571428,0.9285714285714286,0.75,extinguished
430,12,52.0,39,49.0,0.9285714285714286,0.75,1.2564102564102564,extinguished
430,13,39.0,49,65.0,0.75,1.2564102564102564,1.326530612244898,supercritical
430,14,49.0,65,31.0,1.2564102564102564,1.326530612244898,0.4769230769230769,supercritical
430,15,65.0,31,38.0,1.326530612244898,0.4769230769230769,1.2258064516129032,extinguished
430,16,31.0,38,41.0,0.4769230769230769,1.2258064516129032,1.0789473684210529,supercritical
430,17,38.0,41,33.0,1.2258064516129032,1.0789473684210529,0.8048780487804879,supercritical
430,18,41.0,33,43.0,1.0789473684210529,0.8048780487804879,1.303030303030303,extinguished
430,19,33.0,43,-1.0,0.8048780487804879,1.303030303030303,-1.0,supercritical
431,0,-1.0,3,5.0,-1.0,-1.0,1.6666666666666667,initial
431,1,3.0,5,6.0,-1.0,1.6666666666666667,1.2,supercritical
431,2,5.0,6,5.0,1.6666666666666667,1.2,0.8333333333333334,supercritical
431,3,6.0,5,6.0,1.2,0.8333333333333334,1.2,extinguished
431,4,5.0,6,8.0,0.8333333333333334,1.2,1.3333333333333333,supercritical
431,5,6.0,8,16.0,1.2,1.3333333333333333,2.0,supercritical
431,6,8.0,16,18.0,1.3333333333333333,2.0,1.125,supercritical
431,7,16.0,18,21.0,2.0,1.125,1.1666666666666667,supercritical
431,8,18.0,21,31.0,1.125,1.1666666666666667,1.4761904761904765,supercritical
431,9,21.0,31,48.0,1.1666666666666667,1.4761904761904765,1.5483870967741935,supercritical
431,10,31.0,48,37.0,1.4761904761904765,1.5483870967741935,0.7708333333333334,supercritical
431,11,48.0,37,41.0,1.5483870967741935,0.7708333333333334,1.108108108108108,extinguished
431,12,37.0,41,45.0,0.7708333333333334,1.108108108108108,1.0975609756097562,supercritical
431,13,41.0,45,45.0,1.108108108108108,1.0975609756097562,1.0,supercritical
431,14,45.0,45,31.0,1.0975609756097562,1.0,0.6888888888888889,equilibrium
431,15,45.0,31,35.0,1.0,0.6888888888888889,1.1290322580645162,extinguished
431,16,31.0,35,35.0,0.6888888888888889,1.1290322580645162,1.0,supercritical
431,17,35.0,35,34.0,1.1290322580645162,1.0,0.9714285714285714,equilibrium
431,18,35.0,34,35.0,1.0,0.9714285714285714,1.0294117647058822,equilibrium
431,19,34.0,35,-1.0,0.9714285714285714,1.0294117647058822,-1.0,equilibrium
432,0,-1.0,5,10.0,-1.0,-1.0,2.0,initial
432,1,5.0,10,19.0,-1.0,2.0,1.9,supercritical
432,2,10.0,19,36.0,2.0,1.9,1.894736842105263,supercritical
432,3,19.0,36,49.0,1.9,1.894736842105263,1.3611111111111112,supercritical
432,4,36.0,49,48.0,1.894736842105263,1.3611111111111112,0.979591836734694,supercritical
432,5,49.0,48,35.0,1.3611111111111112,0.979591836734694,0.7291666666666666,equilibrium
432,6,48.0,35,56.0,0.979591836734694,0.7291666666666666,1.6,extinguished
432,7,35.0,56,65.0,0.7291666666666666,1.6,1.1607142857142858,supercritical
432,8,56.0,65,32.0,1.6,1.1607142857142858,0.4923076923076923,supercritical
432,9,65.0,32,34.0,1.1607142857142858,0.4923076923076923,1.0625,extinguished
432,10,32.0,34,44.0,0.4923076923076923,1.0625,1.2941176470588236,supercritical
432,11,34.0,44,61.0,1.0625,1.2941176470588236,1.3863636363636365,supercritical
432,12,44.0,61,61.0,1.2941176470588236,1.3863636363636365,1.0,supercritical
432,13,61.0,61,44.0,1.3863636363636365,1.0,0.7213114754098361,equilibrium
432,14,61.0,44,43.0,1.0,0.7213114754098361,0.9772727272727272,extinguished
432,15,44.0,43,61.0,0.7213114754098361,0.9772727272727272,1.4186046511627908,equilibrium
432,16,43.0,61,51.0,0.9772727272727272,1.4186046511627908,0.8360655737704918,supercritical
432,17,61.0,51,47.0,1.4186046511627908,0.8360655737704918,0.9215686274509804,extinguished
432,18,51.0,47,53.0,0.8360655737704918,0.9215686274509804,1.127659574468085,extinguished
432,19,47.0,53,-1.0,0.9215686274509804,1.127659574468085,-1.0,supercritical
433,0,-1.0,4,6.0,-1.0,-1.0,1.5,initial
433,1,4.0,6,12.0,-1.0,1.5,2.0,supercritical
433,2,6.0,12,17.0,1.5,2.0,1.4166666666666667,supercritical
433,3,12.0,17,20.0,2.0,1.4166666666666667,1.1764705882352942,supercritical
433,4,17.0,20,42.0,1.4166666666666667,1.1764705882352942,2.1,supercritical
433,5,20.0,42,50.0,1.1764705882352942,2.1,1.1904761904761905,supercritical
433,6,42.0,50,59.0,2.1,1.1904761904761905,1.18,supercritical
433,7,50.0,59,50.0,1.1904761904761905,1.18,0.847457627118644,supercritical
433,8,59.0,50,64.0,1.18,0.847457627118644,1.28,extinguished
433,9,50.0,64,41.0,0.847457627118644,1.28,0.640625,supercritical
433,10,64.0,41,41.0,1.28,0.640625,1.0,extinguished
433,11,41.0,41,48.0,0.640625,1.0,1.170731707317073,equilibrium
433,12,41.0,48,53.0,1.0,1.170731707317073,1.1041666666666667,supercritical
433,13,48.0,53,52.0,1.170731707317073,1.1041666666666667,0.981132075471698,supercritical
433,14,53.0,52,88.0,1.1041666666666667,0.981132075471698,1.6923076923076923,equilibrium
433,15,52.0,88,37.0,0.981132075471698,1.6923076923076923,0.4204545454545454,supercritical
433,16,88.0,37,67.0,1.6923076923076923,0.4204545454545454,1.8108108108108107,extinguished
433,17,37.0,67,35.0,0.4204545454545454,1.8108108108108107,0.5223880597014925,supercritical
433,18,67.0,35,60.0,1.8108108108108107,0.5223880597014925,1.7142857142857142,extinguished
433,19,35.0,60,-1.0,0.5223880597014925,1.7142857142857142,-1.0,supercritical
434,0,-1.0,5,7.0,-1.0,-1.0,1.4,initial
434,1,5.0,7,17.0,-1.0,1.4,2.4285714285714284,supercritical
434,2,7.0,17,32.0,1.4,2.4285714285714284,1.8823529411764703,supercritical
434,3,17.0,32,50.0,2.4285714285714284,1.8823529411764703,1.5625,supercritical
434,4,32.0,50,49.0,1.8823529411764703,1.5625,0.98,supercritical
434,5,50.0,49,40.0,1.5625,0.98,0.8163265306122449,equilibrium
434,6,49.0,40,51.0,0.98,0.8163265306122449,1.275,extinguished
434,7,40.0,51,44.0,0.8163265306122449,1.275,0.8627450980392157,supercritical
434,8,51.0,44,68.0,1.275,0.8627450980392157,1.5454545454545454,extinguished
434,9,44.0,68,56.0,0.8627450980392157,1.5454545454545454,0.8235294117647058,supercritical
434,10,68.0,56,40.0,1.5454545454545454,0.8235294117647058,0.7142857142857143,extinguished
434,11,56.0,40,37.0,0.8235294117647058,0.7142857142857143,0.925,extinguished
434,12,40.0,37,34.0,0.7142857142857143,0.925,0.918918918918919,extinguished
434,13,37.0,34,55.0,0.925,0.918918918918919,1.6176470588235294,extinguished
434,14,34.0,55,66.0,0.918918918918919,1.6176470588235294,1.2,supercritical
434,15,55.0,66,40.0,1.6176470588235294,1.2,0.6060606060606061,supercritical
434,16,66.0,40,55.0,1.2,0.6060606060606061,1.375,extinguished
434,17,40.0,55,53.0,0.6060606060606061,1.375,0.9636363636363636,supercritical
434,18,55.0,53,34.0,1.375,0.9636363636363636,0.6415094339622641,equilibrium
434,19,53.0,34,-1.0,0.9636363636363636,0.6415094339622641,-1.0,extinguished
435,0,-1.0,1,1.0,-1.0,-1.0,1.0,initial
435,1,1.0,1,2.0,-1.0,1.0,2.0,equilibrium
435,2,1.0,2,5.0,1.0,2.0,2.5,supercritical
435,3,2.0,5,15.0,2.0,2.5,3.0,supercritical
435,4,5.0,15,23.0,2.5,3.0,1.5333333333333334,supercritical
435,5,15.0,23,30.0,3.0,1.5333333333333334,1.3043478260869563,supercritical
435,6,23.0,30,31.0,1.5333333333333334,1.3043478260869563,1.0333333333333334,supercritical
435,7,30.0,31,44.0,1.3043478260869563,1.0333333333333334,1.4193548387096775,equilibrium
435,8,31.0,44,48.0,1.0333333333333334,1.4193548387096775,1.0909090909090908,supercritical
435,9,44.0,48,56.0,1.4193548387096775,1.0909090909090908,1.1666666666666667,supercritical
435,10,48.0,56,58.0,1.0909090909090908,1.1666666666666667,1.0357142857142858,supercritical
435,11,56.0,58,60.0,1.1666666666666667,1.0357142857142858,1.0344827586206895,equilibrium
435,12,58.0,60,52.0,1.0357142857142858,1.0344827586206895,0.8666666666666667,equilibrium
435,13,60.0,52,53.0,1.0344827586206895,0.8666666666666667,1.0192307692307692,extinguished
435,14,52.0,53,54.0,0.8666666666666667,1.0192307692307692,1.018867924528302,equilibrium
435,15,53.0,54,38.0,1.0192307692307692,1.018867924528302,0.7037037037037037,equilibrium
435,16,54.0,38,44.0,1.018867924528302,0.7037037037037037,1.1578947368421053,extinguished
435,17,38.0,44,38.0,0.7037037037037037,1.1578947368421053,0.8636363636363636,supercritical
435,18,44.0,38,47.0,1.1578947368421053,0.8636363636363636,1.236842105263158,extinguished
435,19,38.0,47,-1.0,0.8636363636363636,1.236842105263158,-1.0,supercritical
436,0,-1.0,3,2.0,-1.0,-1.0,0.6666666666666666,initial
436,1,3.0,2,1.0,-1.0,0.6666666666666666,0.5,extinguished
436,2,2.0,1,2.0,0.6666666666666666,0.5,2.0,extinguished
436,3,1.0,2,4.0,0.5,2.0,2.0,supercritical
436,4,2.0,4,9.0,2.0,2.0,2.25,supercritical
436,5,4.0,9,13.0,2.0,2.25,1.4444444444444444,supercritical
436,6,9.0,13,21.0,2.25,1.4444444444444444,1.6153846153846154,supercritical
436,7,13.0,21,39.0,1.4444444444444444,1.6153846153846154,1.8571428571428568,supercritical
436,8,21.0,39,57.0,1.6153846153846154,1.8571428571428568,1.4615384615384617,supercritical
436,9,39.0,57,55.0,1.8571428571428568,1.4615384615384617,0.9649122807017544,supercritical
436,10,57.0,55,36.0,1.4615384615384617,0.9649122807017544,0.6545454545454545,equilibrium
436,11,55.0,36,57.0,0.9649122807017544,0.6545454545454545,1.5833333333333333,extinguished
436,12,36.0,57,48.0,0.6545454545454545,1.5833333333333333,0.8421052631578947,supercritical
436,13,57.0,48,50.0,1.5833333333333333,0.8421052631578947,1.0416666666666667,extinguished
436,14,48.0,50,52.0,0.8421052631578947,1.0416666666666667,1.04,equilibrium
436,15,50.0,52,28.0,1.0416666666666667,1.04,0.5384615384615384,equilibrium
436,16,52.0,28,28.0,1.04,0.5384615384615384,1.0,extinguished
436,17,28.0,28,38.0,0.5384615384615384,1.0,1.3571428571428572,equilibrium
436,18,28.0,38,48.0,1.0,1.3571428571428572,1.263157894736842,supercritical
436,19,38.0,48,-1.0,1.3571428571428572,1.263157894736842,-1.0,supercritical
437,0,-1.0,3,8.0,-1.0,-1.0,2.6666666666666665,initial
437,1,3.0,8,21.0,-1.0,2.6666666666666665,2.625,supercritical
437,2,8.0,21,35.0,2.6666666666666665,2.625,1.6666666666666667,supercritical
437,3,21.0,35,54.0,2.625,1.6666666666666667,1.542857142857143,supercritical
437,4,35.0,54,60.0,1.6666666666666667,1.542857142857143,1.1111111111111112,supercritical
437,5,54.0,60,44.0,1.542857142857143,1.1111111111111112,0.7333333333333333,supercritical
437,6,60.0,44,60.0,1.1111111111111112,0.7333333333333333,1.3636363636363635,extinguished
437,7,44.0,60,72.0,0.7333333333333333,1.3636363636363635,1.2,supercritical
437,8,60.0,72,45.0,1.3636363636363635,1.2,0.625,supercritical
437,9,72.0,45,58.0,1.2,0.625,1.288888888888889,extinguished
437,10,45.0,58,60.0,0.625,1.288888888888889,1.0344827586206895,supercritical
437,11,58.0,60,37.0,1.288888888888889,1.0344827586206895,0.6166666666666667,equilibrium
437,12,60.0,37,51.0,1.0344827586206895,0.6166666666666667,1.3783783783783785,extinguished
437,13,37.0,51,63.0,0.6166666666666667,1.3783783783783785,1.2352941176470589,supercritical
437,14,51.0,63,35.0,1.3783783783783785,1.2352941176470589,0.5555555555555556,supercritical
437,15,63.0,35,43.0,1.2352941176470589,0.5555555555555556,1.2285714285714286,extinguished
437,16,35.0,43,60.0,0.5555555555555556,1.2285714285714286,1.3953488372093024,supercritical
437,17,43.0,60,46.0,1.2285714285714286,1.3953488372093024,0.7666666666666667,supercritical
437,18,60.0,46,55.0,1.3953488372093024,0.7666666666666667,1.1956521739130437,extinguished
437,19,46.0,55,-1.0,0.7666666666666667,1.1956521739130437,-1.0,supercritical
438,0,-1.0,2,2.0,-1.0,-1.0,1.0,initial
438,1,2.0,2,2.0,-1.0,1.0,1.0,equilibrium
438,2,2.0,2,8.0,1.0,1.0,4.0,equilibrium
438,3,2.0,8,20.0,1.0,4.0,2.5,supercritical
438,4,8.0,20,33.0,4.0,2.5,1.65,supercritical
438,5,20.0,33,39.0,2.5,1.65,1.181818181818182,supercritical
438,6,33.0,39,44.0,1.65,1.181818181818182,1.1282051282051282,supercritical
438,7,39.0,44,57.0,1.181818181818182,1.1282051282051282,1.2954545454545454,supercritical
438,8,44.0,57,68.0,1.1282051282051282,1.2954545454545454,1.1929824561403508,supercritical
438,9,57.0,68,30.0,1.2954545454545454,1.1929824561403508,0.4411764705882353,supercritical
438,10,68.0,30,46.0,1.1929824561403508,0.4411764705882353,1.5333333333333334,extinguished
438,11,30.0,46,42.0,0.4411764705882353,1.5333333333333334,0.9130434782608696,supercritical
438,12,46.0,42,60.0,1.5333333333333334,0.9130434782608696,1.4285714285714286,extinguished
438,13,42.0,60,56.0,0.9130434782608696,1.4285714285714286,0.9333333333333332,supercritical
438,14,60.0,56,60.0,1.4285714285714286,0.9333333333333332,1.0714285714285714,extinguished
438,15,56.0,60,49.0,0.9333333333333332,1.0714285714285714,0.8166666666666667,supercritical
438,16,60.0,49,39.0,1.0714285714285714,0.8166666666666667,0.7959183673469388,extinguished
438,17,49.0,39,47.0,0.8166666666666667,0.7959183673469388,1.205128205128205,extinguished
438,18,39.0,47,43.0,0.7959183673469388,1.205128205128205,0.9148936170212766,supercritical
438,19,47.0,43,-1.0,1.205128205128205,0.9148936170212766,-1.0,extinguished
439,0,-1.0,2,5.0,-1.0,-1.0,2.5,initial
439,1,2.0,5,4.0,-1.0,2.5,0.8,supercritical
439,2,5.0,4,9.0,2.5,0.8,2.25,extinguished
439,3,4.0,9,13.0,0.8,2.25,1.4444444444444444,supercritical
439,4,9.0,13,19.0,2.25,1.4444444444444444,1.4615384615384617,supercritical
439,5,13.0,19,27.0,1.4444444444444444,1.4615384615384617,1.4210526315789471,supercritical
439,6,19.0,27,41.0,1.4615384615384617,1.4210526315789471,1.5185185185185186,supercritical
439,7,27.0,41,50.0,1.4210526315789471,1.5185185185185186,1.2195121951219512,supercritical
439,8,41.0,50,60.0,1.5185185185185186,1.2195121951219512,1.2,supercritical
439,9,50.0,60,56.0,1.2195121951219512,1.2,0.9333333333333332,supercritical
439,10,60.0,56,33.0,1.2,0.9333333333333332,0.5892857142857143,extinguished
439,11,56.0,33,38.0,0.9333333333333332,0.5892857142857143,1.1515151515151516,extinguished
439,12,33.0,38,42.0,0.5892857142857143,1.1515151515151516,1.105263157894737,supercritical
439,13,38.0,42,41.0,1.1515151515151516,1.105263157894737,0.9761904761904762,supercritical
439,14,42.0,41,51.0,1.105263157894737,0.9761904761904762,1.2439024390243902,equilibrium
439,15,41.0,51,58.0,0.9761904761904762,1.2439024390243902,1.1372549019607845,supercritical
439,16,51.0,58,62.0,1.2439024390243902,1.1372549019607845,1.0689655172413792,supercritical
439,17,58.0,62,37.0,1.1372549019607845,1.0689655172413792,0.5967741935483871,supercritical
439,18,62.0,37,42.0,1.0689655172413792,0.5967741935483871,1.135135135135135,extinguished
439,19,37.0,42,-1.0,0.5967741935483871,1.135135135135135,-1.0,supercritical
440,0,-1.0,2,5.0,-1.0,-1.0,2.5,initial
440,1,2.0,5,10.0,-1.0,2.5,2.0,supercritical
440,2,5.0,10,23.0,2.5,2.0,2.3,supercritical
440,3,10.0,23,28.0,2.0,2.3,1.2173913043478262,supercritical
440,4,23.0,28,36.0,2.3,1.2173913043478262,1.2857142857142858,supercritical
440,5,28.0,36,58.0,1.2173913043478262,1.2857142857142858,1.6111111111111112,supercritical
440,6,36.0,58,43.0,1.2857142857142858,1.6111111111111112,0.7413793103448276,supercritical
440,7,58.0,43,48.0,1.6111111111111112,0.7413793103448276,1.1162790697674418,extinguished
440,8,43.0,48,66.0,0.7413793103448276,1.1162790697674418,1.375,supercritical
440,9,48.0,66,39.0,1.1162790697674418,1.375,0.5909090909090909,supercritical
440,10,66.0,39,34.0,1.375,0.5909090909090909,0.8717948717948718,extinguished
440,11,39.0,34,47.0,0.5909090909090909,0.8717948717948718,1.3823529411764706,extinguished
440,12,34.0,47,59.0,0.8717948717948718,1.3823529411764706,1.25531914893617,supercritical
440,13,47.0,59,49.0,1.3823529411764706,1.25531914893617,0.8305084745762712,supercritical
440,14,59.0,49,40.0,1.25531914893617,0.8305084745762712,0.8163265306122449,extinguished
440,15,49.0,40,62.0,0.8305084745762712,0.8163265306122449,1.55,extinguished
440,16,40.0,62,49.0,0.8163265306122449,1.55,0.7903225806451613,supercritical
440,17,62.0,49,52.0,1.55,0.7903225806451613,1.0612244897959184,extinguished
440,18,49.0,52,69.0,0.7903225806451613,1.0612244897959184,1.3269230769230769,supercritical
440,19,52.0,69,-1.0,1.0612244897959184,1.3269230769230769,-1.0,supercritical
441,0,-1.0,5,6.0,-1.0,-1.0,1.2,initial
441,1,5.0,6,4.0,-1.0,1.2,0.6666666666666666,supercritical
441,2,6.0,4,14.0,1.2,0.6666666666666666,3.5,extinguished
441,3,4.0,14,21.0,0.6666666666666666,3.5,1.5,supercritical
441,4,14.0,21,32.0,3.5,1.5,1.5238095238095235,supercritical
441,5,21.0,32,30.0,1.5,1.5238095238095235,0.9375,supercritical
441,6,32.0,30,42.0,1.5238095238095235,0.9375,1.4,extinguished
441,7,30.0,42,39.0,0.9375,1.4,0.9285714285714286,supercritical
441,8,42.0,39,30.0,1.4,0.9285714285714286,0.7692307692307693,extinguished
441,9,39.0,30,40.0,0.9285714285714286,0.7692307692307693,1.3333333333333333,extinguished
441,10,30.0,40,42.0,0.7692307692307693,1.3333333333333333,1.05,supercritical
441,11,40.0,42,38.0,1.3333333333333333,1.05,0.9047619047619048,equilibrium
441,12,42.0,38,32.0,1.05,0.9047619047619048,0.8421052631578947,extinguished
441,13,38.0,32,25.0,0.9047619047619048,0.8421052631578947,0.78125,extinguished
441,14,32.0,25,37.0,0.8421052631578947,0.78125,1.48,extinguished
441,15,25.0,37,42.0,0.78125,1.48,1.135135135135135,supercritical
441,16,37.0,42,48.0,1.48,1.135135135135135,1.1428571428571428,supercritical
441,17,42.0,48,24.0,1.135135135135135,1.1428571428571428,0.5,supercritical
441,18,48.0,24,35.0,1.1428571428571428,0.5,1.4583333333333333,extinguished
441,19,24.0,35,-1.0,0.5,1.4583333333333333,-1.0,supercritical
442,0,-1.0,5,12.0,-1.0,-1.0,2.4,initial
442,1,5.0,12,29.0,-1.0,2.4,2.4166666666666665,supercritical
442,2,12.0,29,45.0,2.4,2.4166666666666665,1.5517241379310345,supercritical
442,3,29.0,45,76.0,2.4166666666666665,1.5517241379310345,1.6888888888888889,supercritical
442,4,45.0,76,52.0,1.5517241379310345,1.6888888888888889,0.6842105263157895,supercritical
442,5,76.0,52,51.0,1.6888888888888889,0.6842105263157895,0.9807692307692308,extinguished
442,6,52.0,51,72.0,0.6842105263157895,0.9807692307692308,1.411764705882353,equilibrium
442,7,51.0,72,62.0,0.9807692307692308,1.411764705882353,0.8611111111111112,supercritical
442,8,72.0,62,59.0,1.411764705882353,0.8611111111111112,0.9516129032258064,extinguished
442,9,62.0,59,63.0,0.8611111111111112,0.9516129032258064,1.0677966101694916,equilibrium
442,10,59.0,63,37.0,0.9516129032258064,1.0677966101694916,0.5873015873015873,supercritical
442,11,63.0,37,48.0,1.0677966101694916,0.5873015873015873,1.2972972972972974,extinguished
442,12,37.0,48,66.0,0.5873015873015873,1.2972972972972974,1.375,supercritical
442,13,48.0,66,62.0,1.2972972972972974,1.375,0.9393939393939394,supercritical
442,14,66.0,62,75.0,1.375,0.9393939393939394,1.2096774193548387,extinguished
442,15,62.0,75,22.0,0.9393939393939394,1.2096774193548387,0.2933333333333333,supercritical
442,16,75.0,22,44.0,1.2096774193548387,0.2933333333333333,2.0,extinguished
442,17,22.0,44,77.0,0.2933333333333333,2.0,1.75,supercritical
442,18,44.0,77,44.0,2.0,1.75,0.5714285714285714,supercritical
442,19,77.0,44,-1.0,1.75,0.5714285714285714,-1.0,extinguished
443,0,-1.0,2,2.0,-1.0,-1.0,1.0,initial
443,1,2.0,2,3.0,-1.0,1.0,1.5,equilibrium
443,2,2.0,3,6.0,1.0,1.5,2.0,supercritical
443,3,3.0,6,9.0,1.5,2.0,1.5,supercritical
443,4,6.0,9,19.0,2.0,1.5,2.111111111111111,supercritical
443,5,9.0,19,24.0,1.5,2.111111111111111,1.263157894736842,supercritical
443,6,19.0,24,34.0,2.111111111111111,1.263157894736842,1.4166666666666667,supercritical
443,7,24.0,34,34.0,1.263157894736842,1.4166666666666667,1.0,supercritical
443,8,34.0,34,44.0,1.4166666666666667,1.0,1.2941176470588236,equilibrium
443,9,34.0,44,45.0,1.0,1.2941176470588236,1.0227272727272727,supercritical
443,10,44.0,45,45.0,1.2941176470588236,1.0227272727272727,1.0,equilibrium
443,11,45.0,45,56.0,1.0227272727272727,1.0,1.2444444444444445,equilibrium
443,12,45.0,56,50.0,1.0,1.2444444444444445,0.8928571428571429,supercritical
443,13,56.0,50,33.0,1.2444444444444445,0.8928571428571429,0.66,extinguished
443,14,50.0,33,58.0,0.8928571428571429,0.66,1.7575757575757576,extinguished
443,15,33.0,58,40.0,0.66,1.7575757575757576,0.6896551724137931,supercritical
443,16,58.0,40,48.0,1.7575757575757576,0.6896551724137931,1.2,extinguished
443,17,40.0,48,60.0,0.6896551724137931,1.2,1.25,supercritical
443,18,48.0,60,46.0,1.2,1.25,0.7666666666666667,supercritical
443,19,60.0,46,-1.0,1.25,0.7666666666666667,-1.0,extinguished
444,0,-1.0,4,15.0,-1.0,-1.0,3.75,initial
444,1,4.0,15,30.0,-1.0,3.75,2.0,supercritical
444,2,15.0,30,34.0,3.75,2.0,1.1333333333333333,supercritical
444,3,30.0,34,42.0,2.0,1.1333333333333333,1.2352941176470589,supercritical
444,4,34.0,42,57.0,1.1333333333333333,1.2352941176470589,1.3571428571428572,supercritical
444,5,42.0,57,53.0,1.2352941176470589,1.3571428571428572,0.9298245614035088,supercritical
444,6,57.0,53,38.0,1.3571428571428572,0.9298245614035088,0.7169811320754716,extinguished
444,7,53.0,38,49.0,0.9298245614035088,0.7169811320754716,1.2894736842105263,extinguished
444,8,38.0,49,40.0,0.7169811320754716,1.2894736842105263,0.8163265306122449,supercritical
444,9,49.0,40,53.0,1.2894736842105263,0.8163265306122449,1.325,extinguished
444,10,40.0,53,43.0,0.8163265306122449,1.325,0.8113207547169812,supercritical
444,11,53.0,43,54.0,1.325,0.8113207547169812,1.255813953488372,extinguished
444,12,43.0,54,56.0,0.8113207547169812,1.255813953488372,1.037037037037037,supercritical
444,13,54.0,56,60.0,1.255813953488372,1.037037037037037,1.0714285714285714,equilibrium
444,14,56.0,60,35.0,1.037037037037037,1.0714285714285714,0.5833333333333334,supercritical
444,15,60.0,35,63.0,1.0714285714285714,0.5833333333333334,1.8,extinguished
444,16,35.0,63,53.0,0.5833333333333334,1.8,0.8412698412698413,supercritical
444,17,63.0,53,43.0,1.8,0.8412698412698413,0.8113207547169812,extinguished
444,18,53.0,43,66.0,0.8412698412698413,0.8113207547169812,1.5348837209302326,extinguished
444,19,43.0,66,-1.0,0.8113207547169812,1.5348837209302326,-1.0,supercritical
445,0,-1.0,3,3.0,-1.0,-1.0,1.0,initial
445,1,3.0,3,3.0,-1.0,1.0,1.0,equilibrium
445,2,3.0,3,5.0,1.0,1.0,1.6666666666666667,equilibrium
445,3,3.0,5,8.0,1.0,1.6666666666666667,1.6,supercritical
445,4,5.0,8,14.0,1.6666666666666667,1.6,1.75,supercritical
445,5,8.0,14,20.0,1.6,1.75,1.4285714285714286,supercritical
445,6,14.0,20,24.0,1.75,1.4285714285714286,1.2,supercritical
445,7,20.0,24,34.0,1.4285714285714286,1.2,1.4166666666666667,supercritical
445,8,24.0,34,38.0,1.2,1.4166666666666667,1.1176470588235294,supercritical
445,9,34.0,38,56.0,1.4166666666666667,1.1176470588235294,1.4736842105263157,supercritical
445,10,38.0,56,28.0,1.1176470588235294,1.4736842105263157,0.5,supercritical
445,11,56.0,28,31.0,1.4736842105263157,0.5,1.1071428571428572,extinguished
445,12,28.0,31,38.0,0.5,1.1071428571428572,1.2258064516129032,supercritical
445,13,31.0,38,59.0,1.1071428571428572,1.2258064516129032,1.5526315789473684,supercritical
445,14,38.0,59,41.0,1.2258064516129032,1.5526315789473684,0.6949152542372882,supercritical
445,15,59.0,41,41.0,1.5526315789473684,0.6949152542372882,1.0,extinguished
445,16,41.0,41,47.0,0.6949152542372882,1.0,1.146341463414634,equilibrium
445,17,41.0,47,46.0,1.0,1.146341463414634,0.9787234042553192,supercritical
445,18,47.0,46,46.0,1.146341463414634,0.9787234042553192,1.0,equilibrium
445,19,46.0,46,-1.0,0.9787234042553192,1.0,-1.0,equilibrium
446,0,-1.0,2,7.0,-1.0,-1.0,3.5,initial
446,1,2.0,7,14.0,-1.0,3.5,2.0,supercritical
446,2,7.0,14,23.0,3.5,2.0,1.6428571428571428,supercritical
446,3,14.0,23,35.0,2.0,1.6428571428571428,1.5217391304347827,supercritical
446,4,23.0,35,54.0,1.6428571428571428,1.5217391304347827,1.542857142857143,supercritical
446,5,35.0,54,56.0,1.5217391304347827,1.542857142857143,1.037037037037037,supercritical
446,6,54.0,56,67.0,1.542857142857143,1.037037037037037,1.1964285714285714,equilibrium
446,7,56.0,67,52.0,1.037037037037037,1.1964285714285714,0.7761194029850746,supercritical
446,8,67.0,52,49.0,1.1964285714285714,0.7761194029850746,0.9423076923076924,extinguished
446,9,52.0,49,72.0,0.7761194029850746,0.9423076923076924,1.469387755102041,extinguished
446,10,49.0,72,47.0,0.9423076923076924,1.469387755102041,0.6527777777777778,supercritical
446,11,72.0,47,73.0,1.469387755102041,0.6527777777777778,1.553191489361702,extinguished
446,12,47.0,73,43.0,0.6527777777777778,1.553191489361702,0.589041095890411,supercritical
446,13,73.0,43,47.0,1.553191489361702,0.589041095890411,1.0930232558139534,extinguished
446,14,43.0,47,46.0,0.589041095890411,1.0930232558139534,0.9787234042553192,supercritical
446,15,47.0,46,73.0,1.0930232558139534,0.9787234042553192,1.5869565217391304,equilibrium
446,16,46.0,73,38.0,0.9787234042553192,1.5869565217391304,0.5205479452054794,supercritical
446,17,73.0,38,53.0,1.5869565217391304,0.5205479452054794,1.394736842105263,extinguished
446,18,38.0,53,68.0,0.5205479452054794,1.394736842105263,1.2830188679245282,supercritical
446,19,53.0,68,-1.0,1.394736842105263,1.2830188679245282,-1.0,supercritical
447,0,-1.0,5,6.0,-1.0,-1.0,1.2,initial
447,1,5.0,6,16.0,-1.0,1.2,2.6666666666666665,supercritical
447,2,6.0,16,21.0,1.2,2.6666666666666665,1.3125,supercritical
447,3,16.0,21,36.0,2.6666666666666665,1.3125,1.7142857142857142,supercritical
447,4,21.0,36,54.0,1.3125,1.7142857142857142,1.5,supercritical
447,5,36.0,54,54.0,1.7142857142857142,1.5,1.0,supercritical
447,6,54.0,54,55.0,1.5,1.0,1.0185185185185186,equilibrium
447,7,54.0,55,48.0,1.0,1.0185185185185186,0.8727272727272727,equilibrium
447,8,55.0,48,47.0,1.0185185185185186,0.8727272727272727,0.9791666666666666,extinguished
447,9,48.0,47,57.0,0.8727272727272727,0.9791666666666666,1.2127659574468086,equilibrium
447,10,47.0,57,87.0,0.9791666666666666,1.2127659574468086,1.5263157894736843,supercritical
447,11,57.0,87,28.0,1.2127659574468086,1.5263157894736843,0.3218390804597701,supercritical
447,12,87.0,28,41.0,1.5263157894736843,0.3218390804597701,1.4642857142857142,extinguished
447,13,28.0,41,62.0,0.3218390804597701,1.4642857142857142,1.5121951219512195,supercritical
447,14,41.0,62,49.0,1.4642857142857142,1.5121951219512195,0.7903225806451613,supercritical
447,15,62.0,49,51.0,1.5121951219512195,0.7903225806451613,1.0408163265306123,extinguished
447,16,49.0,51,53.0,0.7903225806451613,1.0408163265306123,1.03921568627451,equilibrium
447,17,51.0,53,49.0,1.0408163265306123,1.03921568627451,0.9245283018867924,equilibrium
447,18,53.0,49,47.0,1.03921568627451,0.9245283018867924,0.9591836734693876,extinguished
447,19,49.0,47,-1.0,0.9245283018867924,0.9591836734693876,-1.0,equilibrium
448,0,-1.0,4,12.0,-1.0,-1.0,3.0,initial
448,1,4.0,12,17.0,-1.0,3.0,1.4166666666666667,supercritical
448,2,12.0,17,28.0,3.0,1.4166666666666667,1.6470588235294117,supercritical
448,3,17.0,28,35.0,1.4166666666666667,1.6470588235294117,1.25,supercritical
448,4,28.0,35,35.0,1.6470588235294117,1.25,1.0,supercritical
448,5,35.0,35,44.0,1.25,1.0,1.2571428571428571,equilibrium
448,6,35.0,44,24.0,1.0,1.2571428571428571,0.5454545454545454,supercritical
448,7,44.0,24,33.0,1.2571428571428571,0.5454545454545454,1.375,extinguished
448,8,24.0,33,41.0,0.5454545454545454,1.375,1.2424242424242424,supercritical
448,9,33.0,41,45.0,1.375,1.2424242424242424,1.0975609756097562,supercritical
448,10,41.0,45,41.0,1.2424242424242424,1.0975609756097562,0.9111111111111112,supercritical
448,11,45.0,41,30.0,1.0975609756097562,0.9111111111111112,0.7317073170731707,extinguished
448,12,41.0,30,48.0,0.9111111111111112,0.7317073170731707,1.6,extinguished
448,13,30.0,48,38.0,0.7317073170731707,1.6,0.7916666666666666,supercritical
448,14,48.0,38,47.0,1.6,0.7916666666666666,1.236842105263158,extinguished
448,15,38.0,47,35.0,0.7916666666666666,1.236842105263158,0.7446808510638298,supercritical
448,16,47.0,35,29.0,1.236842105263158,0.7446808510638298,0.8285714285714286,extinguished
448,17,35.0,29,40.0,0.7446808510638298,0.8285714285714286,1.3793103448275863,extinguished
448,18,29.0,40,51.0,0.8285714285714286,1.3793103448275863,1.275,supercritical
448,19,40.0,51,-1.0,1.3793103448275863,1.275,-1.0,supercritical
449,0,-1.0,1,2.0,-1.0,-1.0,2.0,initial
449,1,1.0,2,4.0,-1.0,2.0,2.0,supercritical
449,2,2.0,4,6.0,2.0,2.0,1.5,supercritical
449,3,4.0,6,16.0,2.0,1.5,2.6666666666666665,supercritical
449,4,6.0,16,17.0,1.5,2.6666666666666665,1.0625,supercritical
449,5,16.0,17,37.0,2.6666666666666665,1.0625,2.176470588235294,supercritical
449,6,17.0,37,55.0,1.0625,2.176470588235294,1.4864864864864864,supercritical
449,7,37.0,55,45.0,2.176470588235294,1.4864864864864864,0.8181818181818182,supercritical
449,8,55.0,45,47.0,1.4864864864864864,0.8181818181818182,1.0444444444444445,extinguished
449,9,45.0,47,41.0,0.8181818181818182,1.0444444444444445,0.8723404255319149,equilibrium
449,10,47.0,41,41.0,1.0444444444444445,0.8723404255319149,1.0,extinguished
449,11,41.0,41,48.0,0.8723404255319149,1.0,1.170731707317073,equilibrium
449,12,41.0,48,49.0,1.0,1.170731707317073,1.0208333333333333,supercritical
449,13,48.0,49,53.0,1.170731707317073,1.0208333333333333,1.0816326530612246,equilibrium
449,14,49.0,53,40.0,1.0208333333333333,1.0816326530612246,0.7547169811320755,supercritical
449,15,53.0,40,58.0,1.0816326530612246,0.7547169811320755,1.45,extinguished
449,16,40.0,58,48.0,0.7547169811320755,1.45,0.8275862068965517,supercritical
449,17,58.0,48,46.0,1.45,0.8275862068965517,0.9583333333333334,extinguished
449,18,48.0,46,43.0,0.8275862068965517,0.9583333333333334,0.9347826086956522,equilibrium
449,19,46.0,43,-1.0,0.9583333333333334,0.9347826086956522,-1.0,extinguished
450,0,-1.0,4,10.0,-1.0,-1.0,2.5,initial
450,1,4.0,10,19.0,-1.0,2.5,1.9,supercritical
450,2,10.0,19,34.0,2.5,1.9,1.7894736842105263,supercritical
450,3,19.0,34,49.0,1.9,1.7894736842105263,1.4411764705882353,supercritical
450,4,34.0,49,45.0,1.7894736842105263,1.4411764705882353,0.9183673469387756,supercritical
450,5,49.0,45,64.0,1.4411764705882353,0.9183673469387756,1.4222222222222225,extinguished
450,6,45.0,64,67.0,0.9183673469387756,1.4222222222222225,1.046875,supercritical
450,7,64.0,67,72.0,1.4222222222222225,1.046875,1.0746268656716418,equilibrium
450,8,67.0,72,40.0,1.046875,1.0746268656716418,0.5555555555555556,supercritical
450,9,72.0,40,51.0,1.0746268656716418,0.5555555555555556,1.275,extinguished
450,10,40.0,51,51.0,0.5555555555555556,1.275,1.0,supercritical
450,11,51.0,51,60.0,1.275,1.0,1.1764705882352942,equilibrium
450,12,51.0,60,30.0,1.0,1.1764705882352942,0.5,supercritical
450,13,60.0,30,45.0,1.1764705882352942,0.5,1.5,extinguished
450,14,30.0,45,56.0,0.5,1.5,1.2444444444444445,supercritical
450,15,45.0,56,41.0,1.5,1.2444444444444445,0.7321428571428571,supercritical
450,16,56.0,41,52.0,1.2444444444444445,0.7321428571428571,1.2682926829268293,extinguished
450,17,41.0,52,43.0,0.7321428571428571,1.2682926829268293,0.8269230769230769,supercritical
450,18,52.0,43,48.0,1.2682926829268293,0.8269230769230769,1.1162790697674418,extinguished
450,19,43.0,48,-1.0,0.8269230769230769,1.1162790697674418,-1.0,supercritical
451,0,-1.0,3,12.0,-1.0,-1.0,4.0,initial
451,1,3.0,12,26.0,-1.0,4.0,2.1666666666666665,supercritical
451,2,12.0,26,45.0,4.0,2.1666666666666665,1.7307692307692308,supercritical
451,3,26.0,45,56.0,2.1666666666666665,1.7307692307692308,1.2444444444444445,supercritical
451,4,45.0,56,43.0,1.7307692307692308,1.2444444444444445,0.7678571428571429,supercritical
451,5,56.0,43,51.0,1.2444444444444445,0.7678571428571429,1.186046511627907,extinguished
451,6,43.0,51,42.0,0.7678571428571429,1.186046511627907,0.8235294117647058,supercritical
451,7,51.0,42,61.0,1.186046511627907,0.8235294117647058,1.4523809523809523,extinguished
451,8,42.0,61,52.0,0.8235294117647058,1.4523809523809523,0.8524590163934426,supercritical
451,9,61.0,52,68.0,1.4523809523809523,0.8524590163934426,1.3076923076923077,extinguished
451,10,52.0,68,40.0,0.8524590163934426,1.3076923076923077,0.5882352941176471,supercritical
451,11,68.0,40,63.0,1.3076923076923077,0.5882352941176471,1.575,extinguished
451,12,40.0,63,55.0,0.5882352941176471,1.575,0.873015873015873,supercritical
451,13,63.0,55,45.0,1.575,0.873015873015873,0.8181818181818182,extinguished
451,14,55.0,45,46.0,0.873015873015873,0.8181818181818182,1.022222222222222,extinguished
451,15,45.0,46,63.0,0.8181818181818182,1.022222222222222,1.3695652173913044,equilibrium
451,16,46.0,63,44.0,1.022222222222222,1.3695652173913044,0.6984126984126984,supercritical
451,17,63.0,44,50.0,1.3695652173913044,0.6984126984126984,1.1363636363636365,extinguished
451,18,44.0,50,44.0,0.6984126984126984,1.1363636363636365,0.88,supercritical
451,19,50.0,44,-1.0,1.1363636363636365,0.88,-1.0,extinguished
452,0,-1.0,3,8.0,-1.0,-1.0,2.6666666666666665,initial
452,1,3.0,8,16.0,-1.0,2.6666666666666665,2.0,supercritical
452,2,8.0,16,26.0,2.6666666666666665,2.0,1.625,supercritical
452,3,16.0,26,40.0,2.0,1.625,1.5384615384615383,supercritical
452,4,26.0,40,51.0,1.625,1.5384615384615383,1.275,supercritical
452,5,40.0,51,51.0,1.5384615384615383,1.275,1.0,supercritical
452,6,51.0,51,78.0,1.275,1.0,1.5294117647058822,equilibrium
452,7,51.0,78,26.0,1.0,1.5294117647058822,0.3333333333333333,supercritical
452,8,78.0,26,42.0,1.5294117647058822,0.3333333333333333,1.6153846153846154,extinguished
452,9,26.0,42,53.0,0.3333333333333333,1.6153846153846154,1.261904761904762,supercritical
452,10,42.0,53,45.0,1.6153846153846154,1.261904761904762,0.8490566037735849,supercritical
452,11,53.0,45,44.0,1.261904761904762,0.8490566037735849,0.9777777777777776,extinguished
452,12,45.0,44,55.0,0.8490566037735849,0.9777777777777776,1.25,equilibrium
452,13,44.0,55,43.0,0.9777777777777776,1.25,0.7818181818181819,supercritical
452,14,55.0,43,60.0,1.25,0.7818181818181819,1.3953488372093024,extinguished
452,15,43.0,60,69.0,0.7818181818181819,1.3953488372093024,1.15,supercritical
452,16,60.0,69,57.0,1.3953488372093024,1.15,0.8260869565217391,supercritical
452,17,69.0,57,64.0,1.15,0.8260869565217391,1.1228070175438596,extinguished
452,18,57.0,64,35.0,0.8260869565217391,1.1228070175438596,0.546875,supercritical
452,19,64.0,35,-1.0,1.1228070175438596,0.546875,-1.0,extinguished
453,0,-1.0,3,8.0,-1.0,-1.0,2.6666666666666665,initial
453,1,3.0,8,21.0,-1.0,2.6666666666666665,2.625,supercritical
453,2,8.0,21,32.0,2.6666666666666665,2.625,1.5238095238095235,supercritical
453,3,21.0,32,40.0,2.625,1.5238095238095235,1.25,supercritical
453,4,32.0,40,47.0,1.5238095238095235,1.25,1.175,supercritical
453,5,40.0,47,70.0,1.25,1.175,1.4893617021276595,supercritical
453,6,47.0,70,29.0,1.175,1.4893617021276595,0.4142857142857143,supercritical
453,7,70.0,29,50.0,1.4893617021276595,0.4142857142857143,1.7241379310344829,extinguished
453,8,29.0,50,55.0,0.4142857142857143,1.7241379310344829,1.1,supercritical
453,9,50.0,55,41.0,1.7241379310344829,1.1,0.7454545454545455,supercritical
453,10,55.0,41,46.0,1.1,0.7454545454545455,1.1219512195121952,extinguished
453,11,41.0,46,62.0,0.7454545454545455,1.1219512195121952,1.3478260869565215,supercritical
453,12,46.0,62,76.0,1.1219512195121952,1.3478260869565215,1.2258064516129032,supercritical
453,13,62.0,76,27.0,1.3478260869565215,1.2258064516129032,0.3552631578947368,supercritical
453,14,76.0,27,39.0,1.2258064516129032,0.3552631578947368,1.4444444444444444,extinguished
453,15,27.0,39,53.0,0.3552631578947368,1.4444444444444444,1.358974358974359,supercritical
453,16,39.0,53,74.0,1.4444444444444444,1.358974358974359,1.3962264150943395,supercritical
453,17,53.0,74,24.0,1.358974358974359,1.3962264150943395,0.3243243243243243,supercritical
453,18,74.0,24,36.0,1.3962264150943395,0.3243243243243243,1.5,extinguished
453,19,24.0,36,-1.0,0.3243243243243243,1.5,-1.0,supercritical
454,0,-1.0,3,2.0,-1.0,-1.0,0.6666666666666666,initial
454,1,3.0,2,2.0,-1.0,0.6666666666666666,1.0,extinguished
454,2,2.0,2,2.0,0.6666666666666666,1.0,1.0,equilibrium
454,3,2.0,2,8.0,1.0,1.0,4.0,equilibrium
454,4,2.0,8,14.0,1.0,4.0,1.75,supercritical
454,5,8.0,14,29.0,4.0,1.75,2.071428571428572,supercritical
454,6,14.0,29,39.0,1.75,2.071428571428572,1.3448275862068966,supercritical
454,7,29.0,39,54.0,2.071428571428572,1.3448275862068966,1.3846153846153846,supercritical
454,8,39.0,54,55.0,1.3448275862068966,1.3846153846153846,1.0185185185185186,supercritical
454,9,54.0,55,39.0,1.3846153846153846,1.0185185185185186,0.7090909090909091,equilibrium
454,10,55.0,39,42.0,1.0185185185185186,0.7090909090909091,1.0769230769230769,extinguished
454,11,39.0,42,35.0,0.7090909090909091,1.0769230769230769,0.8333333333333334,supercritical
454,12,42.0,35,55.0,1.0769230769230769,0.8333333333333334,1.5714285714285714,extinguished
454,13,35.0,55,63.0,0.8333333333333334,1.5714285714285714,1.1454545454545455,supercritical
454,14,55.0,63,49.0,1.5714285714285714,1.1454545454545455,0.7777777777777778,supercritical
454,15,63.0,49,52.0,1.1454545454545455,0.7777777777777778,1.0612244897959184,extinguished
454,16,49.0,52,42.0,0.7777777777777778,1.0612244897959184,0.8076923076923077,supercritical
454,17,52.0,42,38.0,1.0612244897959184,0.8076923076923077,0.9047619047619048,extinguished
454,18,42.0,38,47.0,0.8076923076923077,0.9047619047619048,1.236842105263158,extinguished
454,19,38.0,47,-1.0,0.9047619047619048,1.236842105263158,-1.0,supercritical
455,0,-1.0,3,5.0,-1.0,-1.0,1.6666666666666667,initial
455,1,3.0,5,8.0,-1.0,1.6666666666666667,1.6,supercritical
455,2,5.0,8,8.0,1.6666666666666667,1.6,1.0,supercritical
455,3,8.0,8,10.0,1.6,1.0,1.25,equilibrium
455,4,8.0,10,18.0,1.0,1.25,1.8,supercritical
455,5,10.0,18,22.0,1.25,1.8,1.2222222222222223,supercritical
455,6,18.0,22,25.0,1.8,1.2222222222222223,1.1363636363636365,supercritical
455,7,22.0,25,30.0,1.2222222222222223,1.1363636363636365,1.2,supercritical
455,8,25.0,30,42.0,1.1363636363636365,1.2,1.4,supercritical
455,9,30.0,42,45.0,1.2,1.4,1.0714285714285714,supercritical
455,10,42.0,45,38.0,1.4,1.0714285714285714,0.8444444444444444,supercritical
455,11,45.0,38,46.0,1.0714285714285714,0.8444444444444444,1.2105263157894737,extinguished
455,12,38.0,46,44.0,0.8444444444444444,1.2105263157894737,0.9565217391304348,supercritical
455,13,46.0,44,40.0,1.2105263157894737,0.9565217391304348,0.9090909090909092,equilibrium
455,14,44.0,40,36.0,0.9565217391304348,0.9090909090909092,0.9,extinguished
455,15,40.0,36,51.0,0.9090909090909092,0.9,1.4166666666666667,extinguished
455,16,36.0,51,54.0,0.9,1.4166666666666667,1.0588235294117647,supercritical
455,17,51.0,54,52.0,1.4166666666666667,1.0588235294117647,0.9629629629629628,supercritical
455,18,54.0,52,48.0,1.0588235294117647,0.9629629629629628,0.9230769230769232,equilibrium
455,19,52.0,48,-1.0,0.9629629629629628,0.9230769230769232,-1.0,extinguished
456,0,-1.0,1,4.0,-1.0,-1.0,4.0,initial
456,1,1.0,4,12.0,-1.0,4.0,3.0,supercritical
456,2,4.0,12,17.0,4.0,3.0,1.4166666666666667,supercritical
456,3,12.0,17,31.0,3.0,1.4166666666666667,1.8235294117647056,supercritical
456,4,17.0,31,53.0,1.4166666666666667,1.8235294117647056,1.7096774193548387,supercritical
456,5,31.0,53,37.0,1.8235294117647056,1.7096774193548387,0.6981132075471698,supercritical
456,6,53.0,37,45.0,1.7096774193548387,0.6981132075471698,1.2162162162162162,extinguished
456,7,37.0,45,43.0,0.6981132075471698,1.2162162162162162,0.9555555555555556,supercritical
456,8,45.0,43,51.0,1.2162162162162162,0.9555555555555556,1.186046511627907,equilibrium
456,9,43.0,51,48.0,0.9555555555555556,1.186046511627907,0.9411764705882352,supercritical
456,10,51.0,48,36.0,1.186046511627907,0.9411764705882352,0.75,extinguished
456,11,48.0,36,49.0,0.9411764705882352,0.75,1.3611111111111112,extinguished
456,12,36.0,49,44.0,0.75,1.3611111111111112,0.8979591836734694,supercritical
456,13,49.0,44,28.0,1.3611111111111112,0.8979591836734694,0.6363636363636364,extinguished
456,14,44.0,28,42.0,0.8979591836734694,0.6363636363636364,1.5,extinguished
456,15,28.0,42,57.0,0.6363636363636364,1.5,1.3571428571428572,supercritical
456,16,42.0,57,27.0,1.5,1.3571428571428572,0.4736842105263157,supercritical
456,17,57.0,27,27.0,1.3571428571428572,0.4736842105263157,1.0,extinguished
456,18,27.0,27,44.0,0.4736842105263157,1.0,1.6296296296296295,equilibrium
456,19,27.0,44,-1.0,1.0,1.6296296296296295,-1.0,supercritical
457,0,-1.0,2,3.0,-1.0,-1.0,1.5,initial
457,1,2.0,3,5.0,-1.0,1.5,1.6666666666666667,supercritical
457,2,3.0,5,10.0,1.5,1.6666666666666667,2.0,supercritical
457,3,5.0,10,20.0,1.6666666666666667,2.0,2.0,supercritical
457,4,10.0,20,46.0,2.0,2.0,2.3,supercritical
457,5,20.0,46,46.0,2.0,2.3,1.0,supercritical
457,6,46.0,46,59.0,2.3,1.0,1.2826086956521738,equilibrium
457,7,46.0,59,50.0,1.0,1.2826086956521738,0.847457627118644,supercritical
457,8,59.0,50,75.0,1.2826086956521738,0.847457627118644,1.5,extinguished
457,9,50.0,75,37.0,0.847457627118644,1.5,0.4933333333333333,supercritical
457,10,75.0,37,51.0,1.5,0.4933333333333333,1.3783783783783785,extinguished
457,11,37.0,51,56.0,0.4933333333333333,1.3783783783783785,1.0980392156862746,supercritical
457,12,51.0,56,65.0,1.3783783783783785,1.0980392156862746,1.1607142857142858,supercritical
457,13,56.0,65,40.0,1.0980392156862746,1.1607142857142858,0.6153846153846154,supercritical
457,14,65.0,40,54.0,1.1607142857142858,0.6153846153846154,1.35,extinguished
457,15,40.0,54,72.0,0.6153846153846154,1.35,1.3333333333333333,supercritical
457,16,54.0,72,30.0,1.35,1.3333333333333333,0.4166666666666667,supercritical
457,17,72.0,30,50.0,1.3333333333333333,0.4166666666666667,1.6666666666666667,extinguished
457,18,30.0,50,71.0,0.4166666666666667,1.6666666666666667,1.42,supercritical
457,19,50.0,71,-1.0,1.6666666666666667,1.42,-1.0,supercritical
458,0,-1.0,2,3.0,-1.0,-1.0,1.5,initial
458,1,2.0,3,3.0,-1.0,1.5,1.0,supercritical
458,2,3.0,3,6.0,1.5,1.0,2.0,equilibrium
458,3,3.0,6,18.0,1.0,2.0,3.0,supercritical
458,4,6.0,18,35.0,2.0,3.0,1.9444444444444444,supercritical
458,5,18.0,35,58.0,3.0,1.9444444444444444,1.6571428571428573,supercritical
458,6,35.0,58,55.0,1.9444444444444444,1.6571428571428573,0.9482758620689656,supercritical
458,7,58.0,55,54.0,1.6571428571428573,0.9482758620689656,0.9818181818181818,extinguished
458,8,55.0,54,49.0,0.9482758620689656,0.9818181818181818,0.9074074074074074,equilibrium
458,9,54.0,49,59.0,0.9818181818181818,0.9074074074074074,1.2040816326530612,extinguished
458,10,49.0,59,79.0,0.9074074074074074,1.2040816326530612,1.3389830508474576,supercritical
458,11,59.0,79,20.0,1.2040816326530612,1.3389830508474576,0.2531645569620253,supercritical
458,12,79.0,20,38.0,1.3389830508474576,0.2531645569620253,1.9,extinguished
458,13,20.0,38,59.0,0.2531645569620253,1.9,1.5526315789473684,supercritical
458,14,38.0,59,36.0,1.9,1.5526315789473684,0.6101694915254238,supercritical
458,15,59.0,36,45.0,1.5526315789473684,0.6101694915254238,1.25,extinguished
458,16,36.0,45,64.0,0.6101694915254238,1.25,1.4222222222222225,supercritical
458,17,45.0,64,34.0,1.25,1.4222222222222225,0.53125,supercritical
458,18,64.0,34,37.0,1.4222222222222225,0.53125,1.088235294117647,extinguished
458,19,34.0,37,-1.0,0.53125,1.088235294117647,-1.0,supercritical
459,0,-1.0,2,0.0,-1.0,-1.0,0.0,initial
459,1,2.0,0,0.0,-1.0,0.0,0.0,extinguished
459,2,0.0,0,0.0,0.0,0.0,0.0,extinguished
459,3,0.0,0,0.0,0.0,0.0,0.0,extinguished
459,4,0.0,0,0.0,0.0,0.0,0.0,extinguished
459,5,0.0,0,0.0,0.0,0.0,0.0,extinguished
459,6,0.0,0,0.0,0.0,0.0,0.0,extinguished
459,7,0.0,0,0.0,0.0,0.0,0.0,extinguished
459,8,0.0,0,0.0,0.0,0.0,0.0,extinguished
459,9,0.0,0,0.0,0.0,0.0,0.0,extinguished
459,10,0.0,0,0.0,0.0,0.0,0.0,extinguished
459,11,0.0,0,0.0,0.0,0.0,0.0,extinguished
459,12,0.0,0,0.0,0.0,0.0,0.0,extinguished
459,13,0.0,0,0.0,0.0,0.0,0.0,extinguished
459,14,0.0,0,0.0,0.0,0.0,0.0,extinguished
459,15,0.0,0,0.0,0.0,0.0,0.0,extinguished
459,16,0.0,0,0.0,0.0,0.0,0.0,extinguished
459,17,0.0,0,0.0,0.0,0.0,0.0,extinguished
459,18,0.0,0,0.0,0.0,0.0,0.0,extinguished
459,19,0.0,0,-1.0,0.0,0.0,-1.0,extinguished
460,0,-1.0,3,4.0,-1.0,-1.0,1.3333333333333333,initial
460,1,3.0,4,6.0,-1.0,1.3333333333333333,1.5,supercritical
460,2,4.0,6,10.0,1.3333333333333333,1.5,1.6666666666666667,supercritical
460,3,6.0,10,16.0,1.5,1.6666666666666667,1.6,supercritical
460,4,10.0,16,21.0,1.6666666666666667,1.6,1.3125,supercritical
460,5,16.0,21,49.0,1.6,1.3125,2.333333333333333,supercritical
460,6,21.0,49,43.0,1.3125,2.333333333333333,0.8775510204081632,supercritical
460,7,49.0,43,55.0,2.333333333333333,0.8775510204081632,1.2790697674418603,extinguished
460,8,43.0,55,48.0,0.8775510204081632,1.2790697674418603,0.8727272727272727,supercritical
460,9,55.0,48,46.0,1.2790697674418603,0.8727272727272727,0.9583333333333334,extinguished
460,10,48.0,46,62.0,0.8727272727272727,0.9583333333333334,1.3478260869565215,equilibrium
460,11,46.0,62,44.0,0.9583333333333334,1.3478260869565215,0.7096774193548387,supercritical
460,12,62.0,44,37.0,1.3478260869565215,0.7096774193548387,0.8409090909090909,extinguished
460,13,44.0,37,38.0,0.7096774193548387,0.8409090909090909,1.027027027027027,extinguished
460,14,37.0,38,46.0,0.8409090909090909,1.027027027027027,1.2105263157894737,equilibrium
460,15,38.0,46,45.0,1.027027027027027,1.2105263157894737,0.9782608695652174,supercritical
460,16,46.0,45,43.0,1.2105263157894737,0.9782608695652174,0.9555555555555556,equilibrium
460,17,45.0,43,57.0,0.9782608695652174,0.9555555555555556,1.3255813953488371,equilibrium
460,18,43.0,57,44.0,0.9555555555555556,1.3255813953488371,0.7719298245614035,supercritical
460,19,57.0,44,-1.0,1.3255813953488371,0.7719298245614035,-1.0,extinguished
461,0,-1.0,3,4.0,-1.0,-1.0,1.3333333333333333,initial
461,1,3.0,4,10.0,-1.0,1.3333333333333333,2.5,supercritical
461,2,4.0,10,17.0,1.3333333333333333,2.5,1.7,supercritical
461,3,10.0,17,35.0,2.5,1.7,2.0588235294117645,supercritical
461,4,17.0,35,47.0,1.7,2.0588235294117645,1.3428571428571427,supercritical
461,5,35.0,47,58.0,2.0588235294117645,1.3428571428571427,1.2340425531914894,supercritical
461,6,47.0,58,52.0,1.3428571428571427,1.2340425531914894,0.896551724137931,supercritical
461,7,58.0,52,69.0,1.2340425531914894,0.896551724137931,1.3269230769230769,extinguished
461,8,52.0,69,30.0,0.896551724137931,1.3269230769230769,0.4347826086956521,supercritical
461,9,69.0,30,48.0,1.3269230769230769,0.4347826086956521,1.6,extinguished
461,10,30.0,48,61.0,0.4347826086956521,1.6,1.2708333333333333,supercritical
461,11,48.0,61,79.0,1.6,1.2708333333333333,1.2950819672131149,supercritical
461,12,61.0,79,24.0,1.2708333333333333,1.2950819672131149,0.3037974683544304,supercritical
461,13,79.0,24,48.0,1.2950819672131149,0.3037974683544304,2.0,extinguished
461,14,24.0,48,56.0,0.3037974683544304,2.0,1.1666666666666667,supercritical
461,15,48.0,56,84.0,2.0,1.1666666666666667,1.5,supercritical
461,16,56.0,84,14.0,1.1666666666666667,1.5,0.1666666666666666,supercritical
461,17,84.0,14,31.0,1.5,0.1666666666666666,2.2142857142857144,extinguished
461,18,14.0,31,35.0,0.1666666666666666,2.2142857142857144,1.1290322580645162,supercritical
461,19,31.0,35,-1.0,2.2142857142857144,1.1290322580645162,-1.0,supercritical
462,0,-1.0,4,7.0,-1.0,-1.0,1.75,initial
462,1,4.0,7,12.0,-1.0,1.75,1.7142857142857142,supercritical
462,2,7.0,12,30.0,1.75,1.7142857142857142,2.5,supercritical
462,3,12.0,30,43.0,1.7142857142857142,2.5,1.4333333333333331,supercritical
462,4,30.0,43,64.0,2.5,1.4333333333333331,1.4883720930232558,supercritical
462,5,43.0,64,73.0,1.4333333333333331,1.4883720930232558,1.140625,supercritical
462,6,64.0,73,47.0,1.4883720930232558,1.140625,0.6438356164383562,supercritical
462,7,73.0,47,56.0,1.140625,0.6438356164383562,1.1914893617021276,extinguished
462,8,47.0,56,43.0,0.6438356164383562,1.1914893617021276,0.7678571428571429,supercritical
462,9,56.0,43,68.0,1.1914893617021276,0.7678571428571429,1.5813953488372092,extinguished
462,10,43.0,68,33.0,0.7678571428571429,1.5813953488372092,0.4852941176470588,supercritical
462,11,68.0,33,49.0,1.5813953488372092,0.4852941176470588,1.4848484848484849,extinguished
462,12,33.0,49,52.0,0.4852941176470588,1.4848484848484849,1.0612244897959184,supercritical
462,13,49.0,52,51.0,1.4848484848484849,1.0612244897959184,0.9807692307692308,supercritical
462,14,52.0,51,64.0,1.0612244897959184,0.9807692307692308,1.2549019607843137,equilibrium
462,15,51.0,64,41.0,0.9807692307692308,1.2549019607843137,0.640625,supercritical
462,16,64.0,41,50.0,1.2549019607843137,0.640625,1.2195121951219512,extinguished
462,17,41.0,50,64.0,0.640625,1.2195121951219512,1.28,supercritical
462,18,50.0,64,58.0,1.2195121951219512,1.28,0.90625,supercritical
462,19,64.0,58,-1.0,1.28,0.90625,-1.0,extinguished
463,0,-1.0,3,6.0,-1.0,-1.0,2.0,initial
463,1,3.0,6,10.0,-1.0,2.0,1.6666666666666667,supercritical
463,2,6.0,10,18.0,2.0,1.6666666666666667,1.8,supercritical
463,3,10.0,18,20.0,1.6666666666666667,1.8,1.1111111111111112,supercritical
463,4,18.0,20,29.0,1.8,1.1111111111111112,1.45,supercritical
463,5,20.0,29,32.0,1.1111111111111112,1.45,1.103448275862069,supercritical
463,6,29.0,32,39.0,1.45,1.103448275862069,1.21875,supercritical
463,7,32.0,39,27.0,1.103448275862069,1.21875,0.6923076923076923,supercritical
463,8,39.0,27,38.0,1.21875,0.6923076923076923,1.4074074074074074,extinguished
463,9,27.0,38,46.0,0.6923076923076923,1.4074074074074074,1.2105263157894737,supercritical
463,10,38.0,46,44.0,1.4074074074074074,1.2105263157894737,0.9565217391304348,supercritical
463,11,46.0,44,48.0,1.2105263157894737,0.9565217391304348,1.0909090909090908,equilibrium
463,12,44.0,48,43.0,0.9565217391304348,1.0909090909090908,0.8958333333333334,supercritical
463,13,48.0,43,60.0,1.0909090909090908,0.8958333333333334,1.3953488372093024,extinguished
463,14,43.0,60,34.0,0.8958333333333334,1.3953488372093024,0.5666666666666667,supercritical
463,15,60.0,34,40.0,1.3953488372093024,0.5666666666666667,1.1764705882352942,extinguished
463,16,34.0,40,47.0,0.5666666666666667,1.1764705882352942,1.175,supercritical
463,17,40.0,47,33.0,1.1764705882352942,1.175,0.7021276595744681,supercritical
463,18,47.0,33,33.0,1.175,0.7021276595744681,1.0,extinguished
463,19,33.0,33,-1.0,0.7021276595744681,1.0,-1.0,equilibrium
464,0,-1.0,4,5.0,-1.0,-1.0,1.25,initial
464,1,4.0,5,14.0,-1.0,1.25,2.8,supercritical
464,2,5.0,14,21.0,1.25,2.8,1.5,supercritical
464,3,14.0,21,37.0,2.8,1.5,1.761904761904762,supercritical
464,4,21.0,37,51.0,1.5,1.761904761904762,1.3783783783783785,supercritical
464,5,37.0,51,27.0,1.761904761904762,1.3783783783783785,0.5294117647058824,supercritical
464,6,51.0,27,53.0,1.3783783783783785,0.5294117647058824,1.962962962962963,extinguished
464,7,27.0,53,46.0,0.5294117647058824,1.962962962962963,0.8679245283018868,supercritical
464,8,53.0,46,42.0,1.962962962962963,0.8679245283018868,0.9130434782608696,extinguished
464,9,46.0,42,52.0,0.8679245283018868,0.9130434782608696,1.238095238095238,extinguished
464,10,42.0,52,32.0,0.9130434782608696,1.238095238095238,0.6153846153846154,supercritical
464,11,52.0,32,39.0,1.238095238095238,0.6153846153846154,1.21875,extinguished
464,12,32.0,39,58.0,0.6153846153846154,1.21875,1.4871794871794872,supercritical
464,13,39.0,58,34.0,1.21875,1.4871794871794872,0.5862068965517241,supercritical
464,14,58.0,34,32.0,1.4871794871794872,0.5862068965517241,0.9411764705882352,extinguished
464,15,34.0,32,39.0,0.5862068965517241,0.9411764705882352,1.21875,extinguished
464,16,32.0,39,35.0,0.9411764705882352,1.21875,0.8974358974358975,supercritical
464,17,39.0,35,43.0,1.21875,0.8974358974358975,1.2285714285714286,extinguished
464,18,35.0,43,35.0,0.8974358974358975,1.2285714285714286,0.813953488372093,supercritical
464,19,43.0,35,-1.0,1.2285714285714286,0.813953488372093,-1.0,extinguished
465,0,-1.0,5,8.0,-1.0,-1.0,1.6,initial
465,1,5.0,8,13.0,-1.0,1.6,1.625,supercritical
465,2,8.0,13,19.0,1.6,1.625,1.4615384615384617,supercritical
465,3,13.0,19,36.0,1.625,1.4615384615384617,1.894736842105263,supercritical
465,4,19.0,36,42.0,1.4615384615384617,1.894736842105263,1.1666666666666667,supercritical
465,5,36.0,42,53.0,1.894736842105263,1.1666666666666667,1.261904761904762,supercritical
465,6,42.0,53,45.0,1.1666666666666667,1.261904761904762,0.8490566037735849,supercritical
465,7,53.0,45,59.0,1.261904761904762,0.8490566037735849,1.3111111111111111,extinguished
465,8,45.0,59,35.0,0.8490566037735849,1.3111111111111111,0.5932203389830508,supercritical
465,9,59.0,35,48.0,1.3111111111111111,0.5932203389830508,1.3714285714285714,extinguished
465,10,35.0,48,60.0,0.5932203389830508,1.3714285714285714,1.25,supercritical
465,11,48.0,60,50.0,1.3714285714285714,1.25,0.8333333333333334,supercritical
465,12,60.0,50,52.0,1.25,0.8333333333333334,1.04,extinguished
465,13,50.0,52,55.0,0.8333333333333334,1.04,1.0576923076923077,equilibrium
465,14,52.0,55,48.0,1.04,1.0576923076923077,0.8727272727272727,supercritical
465,15,55.0,48,47.0,1.0576923076923077,0.8727272727272727,0.9791666666666666,extinguished
465,16,48.0,47,66.0,0.8727272727272727,0.9791666666666666,1.4042553191489362,equilibrium
465,17,47.0,66,28.0,0.9791666666666666,1.4042553191489362,0.4242424242424242,supercritical
465,18,66.0,28,46.0,1.4042553191489362,0.4242424242424242,1.6428571428571428,extinguished
465,19,28.0,46,-1.0,0.4242424242424242,1.6428571428571428,-1.0,supercritical
466,0,-1.0,2,3.0,-1.0,-1.0,1.5,initial
466,1,2.0,3,5.0,-1.0,1.5,1.6666666666666667,supercritical
466,2,3.0,5,12.0,1.5,1.6666666666666667,2.4,supercritical
466,3,5.0,12,21.0,1.6666666666666667,2.4,1.75,supercritical
466,4,12.0,21,27.0,2.4,1.75,1.2857142857142858,supercritical
466,5,21.0,27,29.0,1.75,1.2857142857142858,1.0740740740740742,supercritical
466,6,27.0,29,41.0,1.2857142857142858,1.0740740740740742,1.4137931034482758,supercritical
466,7,29.0,41,40.0,1.0740740740740742,1.4137931034482758,0.975609756097561,supercritical
466,8,41.0,40,42.0,1.4137931034482758,0.975609756097561,1.05,equilibrium
466,9,40.0,42,58.0,0.975609756097561,1.05,1.380952380952381,equilibrium
466,10,42.0,58,42.0,1.05,1.380952380952381,0.7241379310344828,supercritical
466,11,58.0,42,41.0,1.380952380952381,0.7241379310344828,0.9761904761904762,extinguished
466,12,42.0,41,49.0,0.7241379310344828,0.9761904761904762,1.195121951219512,equilibrium
466,13,41.0,49,56.0,0.9761904761904762,1.195121951219512,1.1428571428571428,supercritical
466,14,49.0,56,37.0,1.195121951219512,1.1428571428571428,0.6607142857142857,supercritical
466,15,56.0,37,38.0,1.1428571428571428,0.6607142857142857,1.027027027027027,extinguished
466,16,37.0,38,58.0,0.6607142857142857,1.027027027027027,1.5263157894736843,equilibrium
466,17,38.0,58,23.0,1.027027027027027,1.5263157894736843,0.396551724137931,supercritical
466,18,58.0,23,35.0,1.5263157894736843,0.396551724137931,1.5217391304347827,extinguished
466,19,23.0,35,-1.0,0.396551724137931,1.5217391304347827,-1.0,supercritical
467,0,-1.0,2,3.0,-1.0,-1.0,1.5,initial
467,1,2.0,3,2.0,-1.0,1.5,0.6666666666666666,supercritical
467,2,3.0,2,2.0,1.5,0.6666666666666666,1.0,extinguished
467,3,2.0,2,1.0,0.6666666666666666,1.0,0.5,equilibrium
467,4,2.0,1,1.0,1.0,0.5,1.0,extinguished
467,5,1.0,1,1.0,0.5,1.0,1.0,equilibrium
467,6,1.0,1,4.0,1.0,1.0,4.0,equilibrium
467,7,1.0,4,8.0,1.0,4.0,2.0,supercritical
467,8,4.0,8,15.0,4.0,2.0,1.875,supercritical
467,9,8.0,15,20.0,2.0,1.875,1.3333333333333333,supercritical
467,10,15.0,20,25.0,1.875,1.3333333333333333,1.25,supercritical
467,11,20.0,25,42.0,1.3333333333333333,1.25,1.68,supercritical
467,12,25.0,42,44.0,1.25,1.68,1.0476190476190477,supercritical
467,13,42.0,44,38.0,1.68,1.0476190476190477,0.8636363636363636,equilibrium
467,14,44.0,38,35.0,1.0476190476190477,0.8636363636363636,0.9210526315789472,extinguished
467,15,38.0,35,58.0,0.8636363636363636,0.9210526315789472,1.6571428571428573,extinguished
467,16,35.0,58,33.0,0.9210526315789472,1.6571428571428573,0.5689655172413793,supercritical
467,17,58.0,33,36.0,1.6571428571428573,0.5689655172413793,1.0909090909090908,extinguished
467,18,33.0,36,54.0,0.5689655172413793,1.0909090909090908,1.5,supercritical
467,19,36.0,54,-1.0,1.0909090909090908,1.5,-1.0,supercritical
468,0,-1.0,1,1.0,-1.0,-1.0,1.0,initial
468,1,1.0,1,1.0,-1.0,1.0,1.0,equilibrium
468,2,1.0,1,4.0,1.0,1.0,4.0,equilibrium
468,3,1.0,4,8.0,1.0,4.0,2.0,supercritical
468,4,4.0,8,11.0,4.0,2.0,1.375,supercritical
468,5,8.0,11,23.0,2.0,1.375,2.090909090909091,supercritical
468,6,11.0,23,31.0,1.375,2.090909090909091,1.3478260869565215,supercritical
468,7,23.0,31,36.0,2.090909090909091,1.3478260869565215,1.1612903225806452,supercritical
468,8,31.0,36,51.0,1.3478260869565215,1.1612903225806452,1.4166666666666667,supercritical
468,9,36.0,51,39.0,1.1612903225806452,1.4166666666666667,0.7647058823529411,supercritical
468,10,51.0,39,57.0,1.4166666666666667,0.7647058823529411,1.4615384615384617,extinguished
468,11,39.0,57,61.0,0.7647058823529411,1.4615384615384617,1.0701754385964912,supercritical
468,12,57.0,61,52.0,1.4615384615384617,1.0701754385964912,0.8524590163934426,supercritical
468,13,61.0,52,58.0,1.0701754385964912,0.8524590163934426,1.1153846153846154,extinguished
468,14,52.0,58,59.0,0.8524590163934426,1.1153846153846154,1.0172413793103448,supercritical
468,15,58.0,59,45.0,1.1153846153846154,1.0172413793103448,0.7627118644067796,equilibrium
468,16,59.0,45,45.0,1.0172413793103448,0.7627118644067796,1.0,extinguished
468,17,45.0,45,49.0,0.7627118644067796,1.0,1.0888888888888888,equilibrium
468,18,45.0,49,31.0,1.0,1.0888888888888888,0.6326530612244898,supercritical
468,19,49.0,31,-1.0,1.0888888888888888,0.6326530612244898,-1.0,extinguished
469,0,-1.0,5,9.0,-1.0,-1.0,1.8,initial
469,1,5.0,9,20.0,-1.0,1.8,2.2222222222222223,supercritical
469,2,9.0,20,32.0,1.8,2.2222222222222223,1.6,supercritical
469,3,20.0,32,33.0,2.2222222222222223,1.6,1.03125,supercritical
469,4,32.0,33,47.0,1.6,1.03125,1.4242424242424243,equilibrium
469,5,33.0,47,47.0,1.03125,1.4242424242424243,1.0,supercritical
469,6,47.0,47,53.0,1.4242424242424243,1.0,1.127659574468085,equilibrium
469,7,47.0,53,40.0,1.0,1.127659574468085,0.7547169811320755,supercritical
469,8,53.0,40,47.0,1.127659574468085,0.7547169811320755,1.175,extinguished
469,9,40.0,47,43.0,0.7547169811320755,1.175,0.9148936170212766,supercritical
469,10,47.0,43,44.0,1.175,0.9148936170212766,1.0232558139534884,extinguished
469,11,43.0,44,38.0,0.9148936170212766,1.0232558139534884,0.8636363636363636,equilibrium
469,12,44.0,38,61.0,1.0232558139534884,0.8636363636363636,1.605263157894737,extinguished
469,13,38.0,61,35.0,0.8636363636363636,1.605263157894737,0.5737704918032787,supercritical
469,14,61.0,35,63.0,1.605263157894737,0.5737704918032787,1.8,extinguished
469,15,35.0,63,42.0,0.5737704918032787,1.8,0.6666666666666666,supercritical
469,16,63.0,42,43.0,1.8,0.6666666666666666,1.0238095238095235,extinguished
469,17,42.0,43,29.0,0.6666666666666666,1.0238095238095235,0.6744186046511628,equilibrium
469,18,43.0,29,42.0,1.0238095238095235,0.6744186046511628,1.4482758620689655,extinguished
469,19,29.0,42,-1.0,0.6744186046511628,1.4482758620689655,-1.0,supercritical
470,0,-1.0,3,9.0,-1.0,-1.0,3.0,initial
470,1,3.0,9,26.0,-1.0,3.0,2.888888888888889,supercritical
470,2,9.0,26,39.0,3.0,2.888888888888889,1.5,supercritical
470,3,26.0,39,35.0,2.888888888888889,1.5,0.8974358974358975,supercritical
470,4,39.0,35,58.0,1.5,0.8974358974358975,1.6571428571428573,extinguished
470,5,35.0,58,63.0,0.8974358974358975,1.6571428571428573,1.0862068965517242,supercritical
470,6,58.0,63,46.0,1.6571428571428573,1.0862068965517242,0.7301587301587301,supercritical
470,7,63.0,46,57.0,1.0862068965517242,0.7301587301587301,1.2391304347826086,extinguished
470,8,46.0,57,44.0,0.7301587301587301,1.2391304347826086,0.7719298245614035,supercritical
470,9,57.0,44,44.0,1.2391304347826086,0.7719298245614035,1.0,extinguished
470,10,44.0,44,57.0,0.7719298245614035,1.0,1.2954545454545454,equilibrium
470,11,44.0,57,30.0,1.0,1.2954545454545454,0.5263157894736842,supercritical
470,12,57.0,30,53.0,1.2954545454545454,0.5263157894736842,1.7666666666666666,extinguished
470,13,30.0,53,72.0,0.5263157894736842,1.7666666666666666,1.3584905660377358,supercritical
470,14,53.0,72,27.0,1.7666666666666666,1.3584905660377358,0.375,supercritical
470,15,72.0,27,43.0,1.3584905660377358,0.375,1.5925925925925926,extinguished
470,16,27.0,43,50.0,0.375,1.5925925925925926,1.162790697674419,supercritical
470,17,43.0,50,53.0,1.5925925925925926,1.162790697674419,1.06,supercritical
470,18,50.0,53,56.0,1.162790697674419,1.06,1.0566037735849056,supercritical
470,19,53.0,56,-1.0,1.06,1.0566037735849056,-1.0,supercritical
471,0,-1.0,2,5.0,-1.0,-1.0,2.5,initial
471,1,2.0,5,11.0,-1.0,2.5,2.2,supercritical
471,2,5.0,11,22.0,2.5,2.2,2.0,supercritical
471,3,11.0,22,30.0,2.2,2.0,1.3636363636363635,supercritical
471,4,22.0,30,41.0,2.0,1.3636363636363635,1.3666666666666667,supercritical
471,5,30.0,41,45.0,1.3636363636363635,1.3666666666666667,1.0975609756097562,supercritical
471,6,41.0,45,56.0,1.3666666666666667,1.0975609756097562,1.2444444444444445,supercritical
471,7,45.0,56,53.0,1.0975609756097562,1.2444444444444445,0.9464285714285714,supercritical
471,8,56.0,53,59.0,1.2444444444444445,0.9464285714285714,1.1132075471698113,extinguished
471,9,53.0,59,43.0,0.9464285714285714,1.1132075471698113,0.7288135593220338,supercritical
471,10,59.0,43,49.0,1.1132075471698113,0.7288135593220338,1.1395348837209305,extinguished
471,11,43.0,49,57.0,0.7288135593220338,1.1395348837209305,1.163265306122449,supercritical
471,12,49.0,57,52.0,1.1395348837209305,1.163265306122449,0.912280701754386,supercritical
471,13,57.0,52,42.0,1.163265306122449,0.912280701754386,0.8076923076923077,extinguished
471,14,52.0,42,33.0,0.912280701754386,0.8076923076923077,0.7857142857142857,extinguished
471,15,42.0,33,48.0,0.8076923076923077,0.7857142857142857,1.4545454545454546,extinguished
471,16,33.0,48,39.0,0.7857142857142857,1.4545454545454546,0.8125,supercritical
471,17,48.0,39,41.0,1.4545454545454546,0.8125,1.051282051282051,extinguished
471,18,39.0,41,33.0,0.8125,1.051282051282051,0.8048780487804879,supercritical
471,19,41.0,33,-1.0,1.051282051282051,0.8048780487804879,-1.0,extinguished
472,0,-1.0,1,1.0,-1.0,-1.0,1.0,initial
472,1,1.0,1,0.0,-1.0,1.0,0.0,equilibrium
472,2,1.0,0,0.0,1.0,0.0,0.0,extinguished
472,3,0.0,0,0.0,0.0,0.0,0.0,extinguished
472,4,0.0,0,0.0,0.0,0.0,0.0,extinguished
472,5,0.0,0,0.0,0.0,0.0,0.0,extinguished
472,6,0.0,0,0.0,0.0,0.0,0.0,extinguished
472,7,0.0,0,0.0,0.0,0.0,0.0,extinguished
472,8,0.0,0,0.0,0.0,0.0,0.0,extinguished
472,9,0.0,0,0.0,0.0,0.0,0.0,extinguished
472,10,0.0,0,0.0,0.0,0.0,0.0,extinguished
472,11,0.0,0,0.0,0.0,0.0,0.0,extinguished
472,12,0.0,0,0.0,0.0,0.0,0.0,extinguished
472,13,0.0,0,0.0,0.0,0.0,0.0,extinguished
472,14,0.0,0,0.0,0.0,0.0,0.0,extinguished
472,15,0.0,0,0.0,0.0,0.0,0.0,extinguished
472,16,0.0,0,0.0,0.0,0.0,0.0,extinguished
472,17,0.0,0,0.0,0.0,0.0,0.0,extinguished
472,18,0.0,0,0.0,0.0,0.0,0.0,extinguished
472,19,0.0,0,-1.0,0.0,0.0,-1.0,extinguished
473,0,-1.0,1,3.0,-1.0,-1.0,3.0,initial
473,1,1.0,3,6.0,-1.0,3.0,2.0,supercritical
473,2,3.0,6,18.0,3.0,2.0,3.0,supercritical
473,3,6.0,18,18.0,2.0,3.0,1.0,supercritical
473,4,18.0,18,23.0,3.0,1.0,1.2777777777777777,equilibrium
473,5,18.0,23,29.0,1.0,1.2777777777777777,1.2608695652173914,supercritical
473,6,23.0,29,27.0,1.2777777777777777,1.2608695652173914,0.9310344827586208,supercritical
473,7,29.0,27,35.0,1.2608695652173914,0.9310344827586208,1.2962962962962965,extinguished
473,8,27.0,35,26.0,0.9310344827586208,1.2962962962962965,0.7428571428571429,supercritical
473,9,35.0,26,32.0,1.2962962962962965,0.7428571428571429,1.2307692307692308,extinguished
473,10,26.0,32,46.0,0.7428571428571429,1.2307692307692308,1.4375,supercritical
473,11,32.0,46,46.0,1.2307692307692308,1.4375,1.0,supercritical
473,12,46.0,46,39.0,1.4375,1.0,0.8478260869565217,equilibrium
473,13,46.0,39,44.0,1.0,0.8478260869565217,1.1282051282051282,extinguished
473,14,39.0,44,56.0,0.8478260869565217,1.1282051282051282,1.2727272727272727,supercritical
473,15,44.0,56,65.0,1.1282051282051282,1.2727272727272727,1.1607142857142858,supercritical
473,16,56.0,65,53.0,1.2727272727272727,1.1607142857142858,0.8153846153846154,supercritical
473,17,65.0,53,50.0,1.1607142857142858,0.8153846153846154,0.9433962264150944,extinguished
473,18,53.0,50,36.0,0.8153846153846154,0.9433962264150944,0.72,extinguished
473,19,50.0,36,-1.0,0.9433962264150944,0.72,-1.0,extinguished
474,0,-1.0,5,5.0,-1.0,-1.0,1.0,initial
474,1,5.0,5,11.0,-1.0,1.0,2.2,equilibrium
474,2,5.0,11,21.0,1.0,2.2,1.9090909090909087,supercritical
474,3,11.0,21,26.0,2.2,1.9090909090909087,1.238095238095238,supercritical
474,4,21.0,26,35.0,1.9090909090909087,1.238095238095238,1.3461538461538465,supercritical
474,5,26.0,35,43.0,1.238095238095238,1.3461538461538465,1.2285714285714286,supercritical
474,6,35.0,43,49.0,1.3461538461538465,1.2285714285714286,1.1395348837209305,supercritical
474,7,43.0,49,41.0,1.2285714285714286,1.1395348837209305,0.8367346938775511,supercritical
474,8,49.0,41,37.0,1.1395348837209305,0.8367346938775511,0.902439024390244,extinguished
474,9,41.0,37,40.0,0.8367346938775511,0.902439024390244,1.0810810810810811,extinguished
474,10,37.0,40,56.0,0.902439024390244,1.0810810810810811,1.4,supercritical
474,11,40.0,56,60.0,1.0810810810810811,1.4,1.0714285714285714,supercritical
474,12,56.0,60,34.0,1.4,1.0714285714285714,0.5666666666666667,supercritical
474,13,60.0,34,37.0,1.0714285714285714,0.5666666666666667,1.088235294117647,extinguished
474,14,34.0,37,46.0,0.5666666666666667,1.088235294117647,1.2432432432432432,supercritical
474,15,37.0,46,46.0,1.088235294117647,1.2432432432432432,1.0,supercritical
474,16,46.0,46,36.0,1.2432432432432432,1.0,0.782608695652174,equilibrium
474,17,46.0,36,49.0,1.0,0.782608695652174,1.3611111111111112,extinguished
474,18,36.0,49,51.0,0.782608695652174,1.3611111111111112,1.0408163265306123,supercritical
474,19,49.0,51,-1.0,1.3611111111111112,1.0408163265306123,-1.0,equilibrium
475,0,-1.0,2,3.0,-1.0,-1.0,1.5,initial
475,1,2.0,3,3.0,-1.0,1.5,1.0,supercritical
475,2,3.0,3,6.0,1.5,1.0,2.0,equilibrium
475,3,3.0,6,8.0,1.0,2.0,1.3333333333333333,supercritical
475,4,6.0,8,12.0,2.0,1.3333333333333333,1.5,supercritical
475,5,8.0,12,23.0,1.3333333333333333,1.5,1.9166666666666667,supercritical
475,6,12.0,23,20.0,1.5,1.9166666666666667,0.8695652173913043,supercritical
475,7,23.0,20,23.0,1.9166666666666667,0.8695652173913043,1.15,extinguished
475,8,20.0,23,34.0,0.8695652173913043,1.15,1.4782608695652173,supercritical
475,9,23.0,34,31.0,1.15,1.4782608695652173,0.9117647058823528,supercritical
475,10,34.0,31,38.0,1.4782608695652173,0.9117647058823528,1.2258064516129032,extinguished
475,11,31.0,38,51.0,0.9117647058823528,1.2258064516129032,1.3421052631578947,supercritical
475,12,38.0,51,47.0,1.2258064516129032,1.3421052631578947,0.9215686274509804,supercritical
475,13,51.0,47,46.0,1.3421052631578947,0.9215686274509804,0.9787234042553192,extinguished
475,14,47.0,46,47.0,0.9215686274509804,0.9787234042553192,1.0217391304347827,equilibrium
475,15,46.0,47,45.0,0.9787234042553192,1.0217391304347827,0.9574468085106383,equilibrium
475,16,47.0,45,44.0,1.0217391304347827,0.9574468085106383,0.9777777777777776,equilibrium
475,17,45.0,44,37.0,0.9574468085106383,0.9777777777777776,0.8409090909090909,equilibrium
475,18,44.0,37,42.0,0.9777777777777776,0.8409090909090909,1.135135135135135,extinguished
475,19,37.0,42,-1.0,0.8409090909090909,1.135135135135135,-1.0,supercritical
476,0,-1.0,2,4.0,-1.0,-1.0,2.0,initial
476,1,2.0,4,5.0,-1.0,2.0,1.25,supercritical
476,2,4.0,5,14.0,2.0,1.25,2.8,supercritical
476,3,5.0,14,27.0,1.25,2.8,1.9285714285714288,supercritical
476,4,14.0,27,45.0,2.8,1.9285714285714288,1.6666666666666667,supercritical
476,5,27.0,45,61.0,1.9285714285714288,1.6666666666666667,1.3555555555555556,supercritical
476,6,45.0,61,43.0,1.6666666666666667,1.3555555555555556,0.7049180327868853,supercritical
476,7,61.0,43,56.0,1.3555555555555556,0.7049180327868853,1.302325581395349,extinguished
476,8,43.0,56,52.0,0.7049180327868853,1.302325581395349,0.9285714285714286,supercritical
476,9,56.0,52,56.0,1.302325581395349,0.9285714285714286,1.0769230769230769,extinguished
476,10,52.0,56,54.0,0.9285714285714286,1.0769230769230769,0.9642857142857144,supercritical
476,11,56.0,54,45.0,1.0769230769230769,0.9642857142857144,0.8333333333333334,equilibrium
476,12,54.0,45,69.0,0.9642857142857144,0.8333333333333334,1.5333333333333334,extinguished
476,13,45.0,69,33.0,0.8333333333333334,1.5333333333333334,0.4782608695652174,supercritical
476,14,69.0,33,36.0,1.5333333333333334,0.4782608695652174,1.0909090909090908,extinguished
476,15,33.0,36,27.0,0.4782608695652174,1.0909090909090908,0.75,supercritical
476,16,36.0,27,33.0,1.0909090909090908,0.75,1.2222222222222223,extinguished
476,17,27.0,33,32.0,0.75,1.2222222222222223,0.9696969696969696,supercritical
476,18,33.0,32,59.0,1.2222222222222223,0.9696969696969696,1.84375,equilibrium
476,19,32.0,59,-1.0,0.9696969696969696,1.84375,-1.0,supercritical
477,0,-1.0,5,6.0,-1.0,-1.0,1.2,initial
477,1,5.0,6,10.0,-1.0,1.2,1.6666666666666667,supercritical
477,2,6.0,10,20.0,1.2,1.6666666666666667,2.0,supercritical
477,3,10.0,20,33.0,1.6666666666666667,2.0,1.65,supercritical
477,4,20.0,33,43.0,2.0,1.65,1.303030303030303,supercritical
477,5,33.0,43,55.0,1.65,1.303030303030303,1.2790697674418603,supercritical
477,6,43.0,55,58.0,1.303030303030303,1.2790697674418603,1.0545454545454545,supercritical
477,7,55.0,58,34.0,1.2790697674418603,1.0545454545454545,0.5862068965517241,supercritical
477,8,58.0,34,46.0,1.0545454545454545,0.5862068965517241,1.3529411764705883,extinguished
477,9,34.0,46,45.0,0.5862068965517241,1.3529411764705883,0.9782608695652174,supercritical
477,10,46.0,45,40.0,1.3529411764705883,0.9782608695652174,0.8888888888888888,equilibrium
477,11,45.0,40,38.0,0.9782608695652174,0.8888888888888888,0.95,extinguished
477,12,40.0,38,64.0,0.8888888888888888,0.95,1.6842105263157894,equilibrium
477,13,38.0,64,53.0,0.95,1.6842105263157894,0.828125,supercritical
477,14,64.0,53,43.0,1.6842105263157894,0.828125,0.8113207547169812,extinguished
477,15,53.0,43,45.0,0.828125,0.8113207547169812,1.0465116279069768,extinguished
477,16,43.0,45,56.0,0.8113207547169812,1.0465116279069768,1.2444444444444445,equilibrium
477,17,45.0,56,39.0,1.0465116279069768,1.2444444444444445,0.6964285714285714,supercritical
477,18,56.0,39,30.0,1.2444444444444445,0.6964285714285714,0.7692307692307693,extinguished
477,19,39.0,30,-1.0,0.6964285714285714,0.7692307692307693,-1.0,extinguished
478,0,-1.0,2,9.0,-1.0,-1.0,4.5,initial
478,1,2.0,9,17.0,-1.0,4.5,1.8888888888888888,supercritical
478,2,9.0,17,26.0,4.5,1.8888888888888888,1.5294117647058822,supercritical
478,3,17.0,26,30.0,1.8888888888888888,1.5294117647058822,1.1538461538461535,supercritical
478,4,26.0,30,49.0,1.5294117647058822,1.1538461538461535,1.6333333333333333,supercritical
478,5,30.0,49,41.0,1.1538461538461535,1.6333333333333333,0.8367346938775511,supercritical
478,6,49.0,41,37.0,1.6333333333333333,0.8367346938775511,0.902439024390244,extinguished
478,7,41.0,37,38.0,0.8367346938775511,0.902439024390244,1.027027027027027,extinguished
478,8,37.0,38,34.0,0.902439024390244,1.027027027027027,0.8947368421052632,equilibrium
478,9,38.0,34,39.0,1.027027027027027,0.8947368421052632,1.1470588235294117,extinguished
478,10,34.0,39,50.0,0.8947368421052632,1.1470588235294117,1.2820512820512822,supercritical
478,11,39.0,50,53.0,1.1470588235294117,1.2820512820512822,1.06,supercritical
478,12,50.0,53,46.0,1.2820512820512822,1.06,0.8679245283018868,supercritical
478,13,53.0,46,44.0,1.06,0.8679245283018868,0.9565217391304348,extinguished
478,14,46.0,44,36.0,0.8679245283018868,0.9565217391304348,0.8181818181818182,equilibrium
478,15,44.0,36,45.0,0.9565217391304348,0.8181818181818182,1.25,extinguished
478,16,36.0,45,46.0,0.8181818181818182,1.25,1.022222222222222,supercritical
478,17,45.0,46,64.0,1.25,1.022222222222222,1.391304347826087,equilibrium
478,18,46.0,64,36.0,1.022222222222222,1.391304347826087,0.5625,supercritical
478,19,64.0,36,-1.0,1.391304347826087,0.5625,-1.0,extinguished
479,0,-1.0,1,1.0,-1.0,-1.0,1.0,initial
479,1,1.0,1,2.0,-1.0,1.0,2.0,equilibrium
479,2,1.0,2,0.0,1.0,2.0,0.0,supercritical
479,3,2.0,0,0.0,2.0,0.0,0.0,extinguished
479,4,0.0,0,0.0,0.0,0.0,0.0,extinguished
479,5,0.0,0,0.0,0.0,0.0,0.0,extinguished
479,6,0.0,0,0.0,0.0,0.0,0.0,extinguished
479,7,0.0,0,0.0,0.0,0.0,0.0,extinguished
479,8,0.0,0,0.0,0.0,0.0,0.0,extinguished
479,9,0.0,0,0.0,0.0,0.0,0.0,extinguished
479,10,0.0,0,0.0,0.0,0.0,0.0,extinguished
479,11,0.0,0,0.0,0.0,0.0,0.0,extinguished
479,12,0.0,0,0.0,0.0,0.0,0.0,extinguished
479,13,0.0,0,0.0,0.0,0.0,0.0,extinguished
479,14,0.0,0,0.0,0.0,0.0,0.0,extinguished
479,15,0.0,0,0.0,0.0,0.0,0.0,extinguished
479,16,0.0,0,0.0,0.0,0.0,0.0,extinguished
479,17,0.0,0,0.0,0.0,0.0,0.0,extinguished
479,18,0.0,0,0.0,0.0,0.0,0.0,extinguished
479,19,0.0,0,-1.0,0.0,0.0,-1.0,extinguished
480,0,-1.0,4,7.0,-1.0,-1.0,1.75,initial
480,1,4.0,7,12.0,-1.0,1.75,1.7142857142857142,supercritical
480,2,7.0,12,17.0,1.75,1.7142857142857142,1.4166666666666667,supercritical
480,3,12.0,17,43.0,1.7142857142857142,1.4166666666666667,2.5294117647058822,supercritical
480,4,17.0,43,45.0,1.4166666666666667,2.5294117647058822,1.0465116279069768,supercritical
480,5,43.0,45,46.0,2.5294117647058822,1.0465116279069768,1.022222222222222,equilibrium
480,6,45.0,46,38.0,1.0465116279069768,1.022222222222222,0.8260869565217391,equilibrium
480,7,46.0,38,63.0,1.022222222222222,0.8260869565217391,1.6578947368421053,extinguished
480,8,38.0,63,77.0,0.8260869565217391,1.6578947368421053,1.2222222222222223,supercritical
480,9,63.0,77,25.0,1.6578947368421053,1.2222222222222223,0.3246753246753247,supercritical
480,10,77.0,25,44.0,1.2222222222222223,0.3246753246753247,1.76,extinguished
480,11,25.0,44,48.0,0.3246753246753247,1.76,1.0909090909090908,supercritical
480,12,44.0,48,48.0,1.76,1.0909090909090908,1.0,supercritical
480,13,48.0,48,43.0,1.0909090909090908,1.0,0.8958333333333334,equilibrium
480,14,48.0,43,49.0,1.0,0.8958333333333334,1.1395348837209305,extinguished
480,15,43.0,49,50.0,0.8958333333333334,1.1395348837209305,1.020408163265306,supercritical
480,16,49.0,50,54.0,1.1395348837209305,1.020408163265306,1.08,equilibrium
480,17,50.0,54,61.0,1.020408163265306,1.08,1.1296296296296295,supercritical
480,18,54.0,61,37.0,1.08,1.1296296296296295,0.6065573770491803,supercritical
480,19,61.0,37,-1.0,1.1296296296296295,0.6065573770491803,-1.0,extinguished
481,0,-1.0,1,1.0,-1.0,-1.0,1.0,initial
481,1,1.0,1,1.0,-1.0,1.0,1.0,equilibrium
481,2,1.0,1,5.0,1.0,1.0,5.0,equilibrium
481,3,1.0,5,8.0,1.0,5.0,1.6,supercritical
481,4,5.0,8,15.0,5.0,1.6,1.875,supercritical
481,5,8.0,15,30.0,1.6,1.875,2.0,supercritical
481,6,15.0,30,42.0,1.875,2.0,1.4,supercritical
481,7,30.0,42,28.0,2.0,1.4,0.6666666666666666,supercritical
481,8,42.0,28,44.0,1.4,0.6666666666666666,1.5714285714285714,extinguished
481,9,28.0,44,38.0,0.6666666666666666,1.5714285714285714,0.8636363636363636,supercritical
481,10,44.0,38,47.0,1.5714285714285714,0.8636363636363636,1.236842105263158,extinguished
481,11,38.0,47,53.0,0.8636363636363636,1.236842105263158,1.127659574468085,supercritical
481,12,47.0,53,41.0,1.236842105263158,1.127659574468085,0.7735849056603774,supercritical
481,13,53.0,41,41.0,1.127659574468085,0.7735849056603774,1.0,extinguished
481,14,41.0,41,41.0,0.7735849056603774,1.0,1.0,equilibrium
481,15,41.0,41,50.0,1.0,1.0,1.2195121951219512,equilibrium
481,16,41.0,50,60.0,1.0,1.2195121951219512,1.2,supercritical
481,17,50.0,60,64.0,1.2195121951219512,1.2,1.0666666666666669,supercritical
481,18,60.0,64,47.0,1.2,1.0666666666666669,0.734375,supercritical
481,19,64.0,47,-1.0,1.0666666666666669,0.734375,-1.0,extinguished
482,0,-1.0,4,11.0,-1.0,-1.0,2.75,initial
482,1,4.0,11,23.0,-1.0,2.75,2.090909090909091,supercritical
482,2,11.0,23,37.0,2.75,2.090909090909091,1.608695652173913,supercritical
482,3,23.0,37,46.0,2.090909090909091,1.608695652173913,1.2432432432432432,supercritical
482,4,37.0,46,46.0,1.608695652173913,1.2432432432432432,1.0,supercritical
482,5,46.0,46,32.0,1.2432432432432432,1.0,0.6956521739130435,equilibrium
482,6,46.0,32,49.0,1.0,0.6956521739130435,1.53125,extinguished
482,7,32.0,49,79.0,0.6956521739130435,1.53125,1.6122448979591837,supercritical
482,8,49.0,79,41.0,1.53125,1.6122448979591837,0.5189873417721519,supercritical
482,9,79.0,41,35.0,1.6122448979591837,0.5189873417721519,0.8536585365853658,extinguished
482,10,41.0,35,58.0,0.5189873417721519,0.8536585365853658,1.6571428571428573,extinguished
482,11,35.0,58,61.0,0.8536585365853658,1.6571428571428573,1.0517241379310345,supercritical
482,12,58.0,61,24.0,1.6571428571428573,1.0517241379310345,0.3934426229508196,supercritical
482,13,61.0,24,30.0,1.0517241379310345,0.3934426229508196,1.25,extinguished
482,14,24.0,30,37.0,0.3934426229508196,1.25,1.2333333333333334,supercritical
482,15,30.0,37,50.0,1.25,1.2333333333333334,1.351351351351351,supercritical
482,16,37.0,50,59.0,1.2333333333333334,1.351351351351351,1.18,supercritical
482,17,50.0,59,56.0,1.351351351351351,1.18,0.9491525423728814,supercritical
482,18,59.0,56,45.0,1.18,0.9491525423728814,0.8035714285714286,extinguished
482,19,56.0,45,-1.0,0.9491525423728814,0.8035714285714286,-1.0,extinguished
483,0,-1.0,1,0.0,-1.0,-1.0,0.0,initial
483,1,1.0,0,0.0,-1.0,0.0,0.0,extinguished
483,2,0.0,0,0.0,0.0,0.0,0.0,extinguished
483,3,0.0,0,0.0,0.0,0.0,0.0,extinguished
483,4,0.0,0,0.0,0.0,0.0,0.0,extinguished
483,5,0.0,0,0.0,0.0,0.0,0.0,extinguished
483,6,0.0,0,0.0,0.0,0.0,0.0,extinguished
483,7,0.0,0,0.0,0.0,0.0,0.0,extinguished
483,8,0.0,0,0.0,0.0,0.0,0.0,extinguished
483,9,0.0,0,0.0,0.0,0.0,0.0,extinguished
483,10,0.0,0,0.0,0.0,0.0,0.0,extinguished
483,11,0.0,0,0.0,0.0,0.0,0.0,extinguished
483,12,0.0,0,0.0,0.0,0.0,0.0,extinguished
483,13,0.0,0,0.0,0.0,0.0,0.0,extinguished
483,14,0.0,0,0.0,0.0,0.0,0.0,extinguished
483,15,0.0,0,0.0,0.0,0.0,0.0,extinguished
483,16,0.0,0,0.0,0.0,0.0,0.0,extinguished
483,17,0.0,0,0.0,0.0,0.0,0.0,extinguished
483,18,0.0,0,0.0,0.0,0.0,0.0,extinguished
483,19,0.0,0,-1.0,0.0,0.0,-1.0,extinguished
484,0,-1.0,2,0.0,-1.0,-1.0,0.0,initial
484,1,2.0,0,0.0,-1.0,0.0,0.0,extinguished
484,2,0.0,0,0.0,0.0,0.0,0.0,extinguished
484,3,0.0,0,0.0,0.0,0.0,0.0,extinguished
484,4,0.0,0,0.0,0.0,0.0,0.0,extinguished
484,5,0.0,0,0.0,0.0,0.0,0.0,extinguished
484,6,0.0,0,0.0,0.0,0.0,0.0,extinguished
484,7,0.0,0,0.0,0.0,0.0,0.0,extinguished
484,8,0.0,0,0.0,0.0,0.0,0.0,extinguished
484,9,0.0,0,0.0,0.0,0.0,0.0,extinguished
484,10,0.0,0,0.0,0.0,0.0,0.0,extinguished
484,11,0.0,0,0.0,0.0,0.0,0.0,extinguished
484,12,0.0,0,0.0,0.0,0.0,0.0,extinguished
484,13,0.0,0,0.0,0.0,0.0,0.0,extinguished
484,14,0.0,0,0.0,0.0,0.0,0.0,extinguished
484,15,0.0,0,0.0,0.0,0.0,0.0,extinguished
484,16,0.0,0,0.0,0.0,0.0,0.0,extinguished
484,17,0.0,0,0.0,0.0,0.0,0.0,extinguished
484,18,0.0,0,0.0,0.0,0.0,0.0,extinguished
484,19,0.0,0,-1.0,0.0,0.0,-1.0,extinguished
485,0,-1.0,3,3.0,-1.0,-1.0,1.0,initial
485,1,3.0,3,6.0,-1.0,1.0,2.0,equilibrium
485,2,3.0,6,8.0,1.0,2.0,1.3333333333333333,supercritical
485,3,6.0,8,18.0,2.0,1.3333333333333333,2.25,supercritical
485,4,8.0,18,30.0,1.3333333333333333,2.25,1.6666666666666667,supercritical
485,5,18.0,30,58.0,2.25,1.6666666666666667,1.9333333333333331,supercritical
485,6,30.0,58,57.0,1.6666666666666667,1.9333333333333331,0.9827586206896552,supercritical
485,7,58.0,57,28.0,1.9333333333333331,0.9827586206896552,0.4912280701754385,equilibrium
485,8,57.0,28,32.0,0.9827586206896552,0.4912280701754385,1.1428571428571428,extinguished
485,9,28.0,32,44.0,0.4912280701754385,1.1428571428571428,1.375,supercritical
485,10,32.0,44,42.0,1.1428571428571428,1.375,0.9545454545454546,supercritical
485,11,44.0,42,48.0,1.375,0.9545454545454546,1.1428571428571428,equilibrium
485,12,42.0,48,47.0,0.9545454545454546,1.1428571428571428,0.9791666666666666,supercritical
485,13,48.0,47,42.0,1.1428571428571428,0.9791666666666666,0.8936170212765957,equilibrium
485,14,47.0,42,45.0,0.9791666666666666,0.8936170212765957,1.0714285714285714,extinguished
485,15,42.0,45,55.0,0.8936170212765957,1.0714285714285714,1.2222222222222223,supercritical
485,16,45.0,55,47.0,1.0714285714285714,1.2222222222222223,0.8545454545454545,supercritical
485,17,55.0,47,35.0,1.2222222222222223,0.8545454545454545,0.7446808510638298,extinguished
485,18,47.0,35,41.0,0.8545454545454545,0.7446808510638298,1.1714285714285717,extinguished
485,19,35.0,41,-1.0,0.7446808510638298,1.1714285714285717,-1.0,supercritical
486,0,-1.0,1,2.0,-1.0,-1.0,2.0,initial
486,1,1.0,2,5.0,-1.0,2.0,2.5,supercritical
486,2,2.0,5,12.0,2.0,2.5,2.4,supercritical
486,3,5.0,12,18.0,2.5,2.4,1.5,supercritical
486,4,12.0,18,16.0,2.4,1.5,0.8888888888888888,supercritical
486,5,18.0,16,20.0,1.5,0.8888888888888888,1.25,extinguished
486,6,16.0,20,39.0,0.8888888888888888,1.25,1.95,supercritical
486,7,20.0,39,48.0,1.25,1.95,1.2307692307692308,supercritical
486,8,39.0,48,51.0,1.95,1.2307692307692308,1.0625,supercritical
486,9,48.0,51,68.0,1.2307692307692308,1.0625,1.3333333333333333,supercritical
486,10,51.0,68,33.0,1.0625,1.3333333333333333,0.4852941176470588,supercritical
486,11,68.0,33,45.0,1.3333333333333333,0.4852941176470588,1.3636363636363635,extinguished
486,12,33.0,45,49.0,0.4852941176470588,1.3636363636363635,1.0888888888888888,supercritical
486,13,45.0,49,42.0,1.3636363636363635,1.0888888888888888,0.8571428571428571,supercritical
486,14,49.0,42,64.0,1.0888888888888888,0.8571428571428571,1.5238095238095235,extinguished
486,15,42.0,64,41.0,0.8571428571428571,1.5238095238095235,0.640625,supercritical
486,16,64.0,41,52.0,1.5238095238095235,0.640625,1.2682926829268293,extinguished
486,17,41.0,52,52.0,0.640625,1.2682926829268293,1.0,supercritical
486,18,52.0,52,41.0,1.2682926829268293,1.0,0.7884615384615384,equilibrium
486,19,52.0,41,-1.0,1.0,0.7884615384615384,-1.0,extinguished
487,0,-1.0,1,2.0,-1.0,-1.0,2.0,initial
487,1,1.0,2,4.0,-1.0,2.0,2.0,supercritical
487,2,2.0,4,7.0,2.0,2.0,1.75,supercritical
487,3,4.0,7,9.0,2.0,1.75,1.2857142857142858,supercritical
487,4,7.0,9,12.0,1.75,1.2857142857142858,1.3333333333333333,supercritical
487,5,9.0,12,25.0,1.2857142857142858,1.3333333333333333,2.083333333333333,supercritical
487,6,12.0,25,41.0,1.3333333333333333,2.083333333333333,1.64,supercritical
487,7,25.0,41,35.0,2.083333333333333,1.64,0.8536585365853658,supercritical
487,8,41.0,35,43.0,1.64,0.8536585365853658,1.2285714285714286,extinguished
487,9,35.0,43,54.0,0.8536585365853658,1.2285714285714286,1.255813953488372,supercritical
487,10,43.0,54,43.0,1.2285714285714286,1.255813953488372,0.7962962962962963,supercritical
487,11,54.0,43,62.0,1.255813953488372,0.7962962962962963,1.441860465116279,extinguished
487,12,43.0,62,55.0,0.7962962962962963,1.441860465116279,0.8870967741935484,supercritical
487,13,62.0,55,47.0,1.441860465116279,0.8870967741935484,0.8545454545454545,extinguished
487,14,55.0,47,45.0,0.8870967741935484,0.8545454545454545,0.9574468085106383,extinguished
487,15,47.0,45,24.0,0.8545454545454545,0.9574468085106383,0.5333333333333333,equilibrium
487,16,45.0,24,27.0,0.9574468085106383,0.5333333333333333,1.125,extinguished
487,17,24.0,27,44.0,0.5333333333333333,1.125,1.6296296296296295,supercritical
487,18,27.0,44,58.0,1.125,1.6296296296296295,1.318181818181818,supercritical
487,19,44.0,58,-1.0,1.6296296296296295,1.318181818181818,-1.0,supercritical
488,0,-1.0,4,7.0,-1.0,-1.0,1.75,initial
488,1,4.0,7,14.0,-1.0,1.75,2.0,supercritical
488,2,7.0,14,25.0,1.75,2.0,1.7857142857142858,supercritical
488,3,14.0,25,24.0,2.0,1.7857142857142858,0.96,supercritical
488,4,25.0,24,34.0,1.7857142857142858,0.96,1.4166666666666667,equilibrium
488,5,24.0,34,61.0,0.96,1.4166666666666667,1.7941176470588236,supercritical
488,6,34.0,61,44.0,1.4166666666666667,1.7941176470588236,0.7213114754098361,supercritical
488,7,61.0,44,49.0,1.7941176470588236,0.7213114754098361,1.1136363636363635,extinguished
488,8,44.0,49,51.0,0.7213114754098361,1.1136363636363635,1.0408163265306123,supercritical
488,9,49.0,51,43.0,1.1136363636363635,1.0408163265306123,0.8431372549019608,equilibrium
488,10,51.0,43,37.0,1.0408163265306123,0.8431372549019608,0.8604651162790697,extinguished
488,11,43.0,37,38.0,0.8431372549019608,0.8604651162790697,1.027027027027027,extinguished
488,12,37.0,38,56.0,0.8604651162790697,1.027027027027027,1.4736842105263157,equilibrium
488,13,38.0,56,57.0,1.027027027027027,1.4736842105263157,1.0178571428571428,supercritical
488,14,56.0,57,50.0,1.4736842105263157,1.0178571428571428,0.8771929824561403,equilibrium
488,15,57.0,50,34.0,1.0178571428571428,0.8771929824561403,0.68,extinguished
488,16,50.0,34,42.0,0.8771929824561403,0.68,1.2352941176470589,extinguished
488,17,34.0,42,27.0,0.68,1.2352941176470589,0.6428571428571429,supercritical
488,18,42.0,27,30.0,1.2352941176470589,0.6428571428571429,1.1111111111111112,extinguished
488,19,27.0,30,-1.0,0.6428571428571429,1.1111111111111112,-1.0,supercritical
489,0,-1.0,4,5.0,-1.0,-1.0,1.25,initial
489,1,4.0,5,9.0,-1.0,1.25,1.8,supercritical
489,2,5.0,9,8.0,1.25,1.8,0.8888888888888888,supercritical
489,3,9.0,8,15.0,1.8,0.8888888888888888,1.875,extinguished
489,4,8.0,15,33.0,0.8888888888888888,1.875,2.2,supercritical
489,5,15.0,33,49.0,1.875,2.2,1.4848484848484849,supercritical
489,6,33.0,49,47.0,2.2,1.4848484848484849,0.9591836734693876,supercritical
489,7,49.0,47,54.0,1.4848484848484849,0.9591836734693876,1.148936170212766,equilibrium
489,8,47.0,54,50.0,0.9591836734693876,1.148936170212766,0.925925925925926,supercritical
489,9,54.0,50,53.0,1.148936170212766,0.925925925925926,1.06,extinguished
489,10,50.0,53,51.0,0.925925925925926,1.06,0.9622641509433962,supercritical
489,11,53.0,51,27.0,1.06,0.9622641509433962,0.5294117647058824,equilibrium
489,12,51.0,27,36.0,0.9622641509433962,0.5294117647058824,1.3333333333333333,extinguished
489,13,27.0,36,46.0,0.5294117647058824,1.3333333333333333,1.2777777777777777,supercritical
489,14,36.0,46,54.0,1.3333333333333333,1.2777777777777777,1.173913043478261,supercritical
489,15,46.0,54,46.0,1.2777777777777777,1.173913043478261,0.8518518518518519,supercritical
489,16,54.0,46,36.0,1.173913043478261,0.8518518518518519,0.782608695652174,extinguished
489,17,46.0,36,48.0,0.8518518518518519,0.782608695652174,1.3333333333333333,extinguished
489,18,36.0,48,37.0,0.782608695652174,1.3333333333333333,0.7708333333333334,supercritical
489,19,48.0,37,-1.0,1.3333333333333333,0.7708333333333334,-1.0,extinguished
490,0,-1.0,3,7.0,-1.0,-1.0,2.333333333333333,initial
490,1,3.0,7,12.0,-1.0,2.333333333333333,1.7142857142857142,supercritical
490,2,7.0,12,18.0,2.333333333333333,1.7142857142857142,1.5,supercritical
490,3,12.0,18,30.0,1.7142857142857142,1.5,1.6666666666666667,supercritical
490,4,18.0,30,36.0,1.5,1.6666666666666667,1.2,supercritical
490,5,30.0,36,33.0,1.6666666666666667,1.2,0.9166666666666666,supercritical
490,6,36.0,33,45.0,1.2,0.9166666666666666,1.3636363636363635,extinguished
490,7,33.0,45,50.0,0.9166666666666666,1.3636363636363635,1.1111111111111112,supercritical
490,8,45.0,50,36.0,1.3636363636363635,1.1111111111111112,0.72,supercritical
490,9,50.0,36,56.0,1.1111111111111112,0.72,1.5555555555555556,extinguished
490,10,36.0,56,52.0,0.72,1.5555555555555556,0.9285714285714286,supercritical
490,11,56.0,52,34.0,1.5555555555555556,0.9285714285714286,0.6538461538461539,extinguished
490,12,52.0,34,44.0,0.9285714285714286,0.6538461538461539,1.2941176470588236,extinguished
490,13,34.0,44,56.0,0.6538461538461539,1.2941176470588236,1.2727272727272727,supercritical
490,14,44.0,56,67.0,1.2941176470588236,1.2727272727272727,1.1964285714285714,supercritical
490,15,56.0,67,48.0,1.2727272727272727,1.1964285714285714,0.7164179104477612,supercritical
490,16,67.0,48,52.0,1.1964285714285714,0.7164179104477612,1.0833333333333333,extinguished
490,17,48.0,52,54.0,0.7164179104477612,1.0833333333333333,1.0384615384615383,supercritical
490,18,52.0,54,49.0,1.0833333333333333,1.0384615384615383,0.9074074074074074,equilibrium
490,19,54.0,49,-1.0,1.0384615384615383,0.9074074074074074,-1.0,extinguished
491,0,-1.0,1,4.0,-1.0,-1.0,4.0,initial
491,1,1.0,4,8.0,-1.0,4.0,2.0,supercritical
491,2,4.0,8,14.0,4.0,2.0,1.75,supercritical
491,3,8.0,14,25.0,2.0,1.75,1.7857142857142858,supercritical
491,4,14.0,25,44.0,1.75,1.7857142857142858,1.76,supercritical
491,5,25.0,44,28.0,1.7857142857142858,1.76,0.6363636363636364,supercritical
491,6,44.0,28,29.0,1.76,0.6363636363636364,1.0357142857142858,extinguished
491,7,28.0,29,39.0,0.6363636363636364,1.0357142857142858,1.3448275862068966,equilibrium
491,8,29.0,39,53.0,1.0357142857142858,1.3448275862068966,1.358974358974359,supercritical
491,9,39.0,53,57.0,1.3448275862068966,1.358974358974359,1.0754716981132075,supercritical
491,10,53.0,57,55.0,1.358974358974359,1.0754716981132075,0.9649122807017544,supercritical
491,11,57.0,55,45.0,1.0754716981132075,0.9649122807017544,0.8181818181818182,equilibrium
491,12,55.0,45,35.0,0.9649122807017544,0.8181818181818182,0.7777777777777778,extinguished
491,13,45.0,35,45.0,0.8181818181818182,0.7777777777777778,1.2857142857142858,extinguished
491,14,35.0,45,37.0,0.7777777777777778,1.2857142857142858,0.8222222222222222,supercritical
491,15,45.0,37,46.0,1.2857142857142858,0.8222222222222222,1.2432432432432432,extinguished
491,16,37.0,46,62.0,0.8222222222222222,1.2432432432432432,1.3478260869565215,supercritical
491,17,46.0,62,47.0,1.2432432432432432,1.3478260869565215,0.7580645161290323,supercritical
491,18,62.0,47,39.0,1.3478260869565215,0.7580645161290323,0.8297872340425532,extinguished
491,19,47.0,39,-1.0,0.7580645161290323,0.8297872340425532,-1.0,extinguished
492,0,-1.0,4,2.0,-1.0,-1.0,0.5,initial
492,1,4.0,2,5.0,-1.0,0.5,2.5,extinguished
492,2,2.0,5,5.0,0.5,2.5,1.0,supercritical
492,3,5.0,5,10.0,2.5,1.0,2.0,equilibrium
492,4,5.0,10,8.0,1.0,2.0,0.8,supercritical
492,5,10.0,8,10.0,2.0,0.8,1.25,extinguished
492,6,8.0,10,13.0,0.8,1.25,1.3,supercritical
492,7,10.0,13,21.0,1.25,1.3,1.6153846153846154,supercritical
492,8,13.0,21,39.0,1.3,1.6153846153846154,1.8571428571428568,supercritical
492,9,21.0,39,45.0,1.6153846153846154,1.8571428571428568,1.1538461538461535,supercritical
492,10,39.0,45,35.0,1.8571428571428568,1.1538461538461535,0.7777777777777778,supercritical
492,11,45.0,35,37.0,1.1538461538461535,0.7777777777777778,1.0571428571428572,extinguished
492,12,35.0,37,38.0,0.7777777777777778,1.0571428571428572,1.027027027027027,supercritical
492,13,37.0,38,38.0,1.0571428571428572,1.027027027027027,1.0,equilibrium
492,14,38.0,38,49.0,1.027027027027027,1.0,1.2894736842105263,equilibrium
492,15,38.0,49,61.0,1.0,1.2894736842105263,1.2448979591836735,supercritical
492,16,49.0,61,54.0,1.2894736842105263,1.2448979591836735,0.8852459016393442,supercritical
492,17,61.0,54,43.0,1.2448979591836735,0.8852459016393442,0.7962962962962963,extinguished
492,18,54.0,43,56.0,0.8852459016393442,0.7962962962962963,1.302325581395349,extinguished
492,19,43.0,56,-1.0,0.7962962962962963,1.302325581395349,-1.0,supercritical
493,0,-1.0,3,8.0,-1.0,-1.0,2.6666666666666665,initial
493,1,3.0,8,6.0,-1.0,2.6666666666666665,0.75,supercritical
493,2,8.0,6,11.0,2.6666666666666665,0.75,1.8333333333333333,extinguished
493,3,6.0,11,17.0,0.75,1.8333333333333333,1.5454545454545454,supercritical
493,4,11.0,17,31.0,1.8333333333333333,1.5454545454545454,1.8235294117647056,supercritical
493,5,17.0,31,43.0,1.5454545454545454,1.8235294117647056,1.3870967741935485,supercritical
493,6,31.0,43,50.0,1.8235294117647056,1.3870967741935485,1.162790697674419,supercritical
493,7,43.0,50,37.0,1.3870967741935485,1.162790697674419,0.74,supercritical
493,8,50.0,37,62.0,1.162790697674419,0.74,1.6756756756756757,extinguished
493,9,37.0,62,58.0,0.74,1.6756756756756757,0.935483870967742,supercritical
493,10,62.0,58,49.0,1.6756756756756757,0.935483870967742,0.8448275862068966,extinguished
493,11,58.0,49,37.0,0.935483870967742,0.8448275862068966,0.7551020408163265,extinguished
493,12,49.0,37,38.0,0.8448275862068966,0.7551020408163265,1.027027027027027,extinguished
493,13,37.0,38,67.0,0.7551020408163265,1.027027027027027,1.763157894736842,equilibrium
493,14,38.0,67,40.0,1.027027027027027,1.763157894736842,0.5970149253731343,supercritical
493,15,67.0,40,60.0,1.763157894736842,0.5970149253731343,1.5,extinguished
493,16,40.0,60,61.0,0.5970149253731343,1.5,1.0166666666666666,supercritical
493,17,60.0,61,48.0,1.5,1.0166666666666666,0.7868852459016393,equilibrium
493,18,61.0,48,63.0,1.0166666666666666,0.7868852459016393,1.3125,extinguished
493,19,48.0,63,-1.0,0.7868852459016393,1.3125,-1.0,supercritical
494,0,-1.0,2,6.0,-1.0,-1.0,3.0,initial
494,1,2.0,6,8.0,-1.0,3.0,1.3333333333333333,supercritical
494,2,6.0,8,21.0,3.0,1.3333333333333333,2.625,supercritical
494,3,8.0,21,33.0,1.3333333333333333,2.625,1.5714285714285714,supercritical
494,4,21.0,33,48.0,2.625,1.5714285714285714,1.4545454545454546,supercritical
494,5,33.0,48,39.0,1.5714285714285714,1.4545454545454546,0.8125,supercritical
494,6,48.0,39,37.0,1.4545454545454546,0.8125,0.9487179487179488,extinguished
494,7,39.0,37,48.0,0.8125,0.9487179487179488,1.2972972972972974,extinguished
494,8,37.0,48,24.0,0.9487179487179488,1.2972972972972974,0.5,supercritical
494,9,48.0,24,38.0,1.2972972972972974,0.5,1.5833333333333333,extinguished
494,10,24.0,38,37.0,0.5,1.5833333333333333,0.9736842105263158,supercritical
494,11,38.0,37,48.0,1.5833333333333333,0.9736842105263158,1.2972972972972974,equilibrium
494,12,37.0,48,56.0,0.9736842105263158,1.2972972972972974,1.1666666666666667,supercritical
494,13,48.0,56,25.0,1.2972972972972974,1.1666666666666667,0.4464285714285714,supercritical
494,14,56.0,25,20.0,1.1666666666666667,0.4464285714285714,0.8,extinguished
494,15,25.0,20,24.0,0.4464285714285714,0.8,1.2,extinguished
494,16,20.0,24,25.0,0.8,1.2,1.0416666666666667,supercritical
494,17,24.0,25,46.0,1.2,1.0416666666666667,1.84,equilibrium
494,18,25.0,46,43.0,1.0416666666666667,1.84,0.9347826086956522,supercritical
494,19,46.0,43,-1.0,1.84,0.9347826086956522,-1.0,extinguished
495,0,-1.0,1,5.0,-1.0,-1.0,5.0,initial
495,1,1.0,5,14.0,-1.0,5.0,2.8,supercritical
495,2,5.0,14,30.0,5.0,2.8,2.142857142857143,supercritical
495,3,14.0,30,44.0,2.8,2.142857142857143,1.4666666666666666,supercritical
495,4,30.0,44,39.0,2.142857142857143,1.4666666666666666,0.8863636363636364,supercritical
495,5,44.0,39,56.0,1.4666666666666666,0.8863636363636364,1.435897435897436,extinguished
495,6,39.0,56,54.0,0.8863636363636364,1.435897435897436,0.9642857142857144,supercritical
495,7,56.0,54,46.0,1.435897435897436,0.9642857142857144,0.8518518518518519,equilibrium
495,8,54.0,46,83.0,0.9642857142857144,0.8518518518518519,1.8043478260869563,extinguished
495,9,46.0,83,13.0,0.8518518518518519,1.8043478260869563,0.1566265060240964,supercritical
495,10,83.0,13,24.0,1.8043478260869563,0.1566265060240964,1.8461538461538465,extinguished
495,11,13.0,24,28.0,0.1566265060240964,1.8461538461538465,1.1666666666666667,supercritical
495,12,24.0,28,39.0,1.8461538461538465,1.1666666666666667,1.3928571428571428,supercritical
495,13,28.0,39,48.0,1.1666666666666667,1.3928571428571428,1.2307692307692308,supercritical
495,14,39.0,48,53.0,1.3928571428571428,1.2307692307692308,1.1041666666666667,supercritical
495,15,48.0,53,91.0,1.2307692307692308,1.1041666666666667,1.7169811320754718,supercritical
495,16,53.0,91,3.0,1.1041666666666667,1.7169811320754718,0.0329670329670329,supercritical
495,17,91.0,3,11.0,1.7169811320754718,0.0329670329670329,3.6666666666666665,extinguished
495,18,3.0,11,23.0,0.0329670329670329,3.6666666666666665,2.090909090909091,supercritical
495,19,11.0,23,-1.0,3.6666666666666665,2.090909090909091,-1.0,supercritical
496,0,-1.0,1,1.0,-1.0,-1.0,1.0,initial
496,1,1.0,1,4.0,-1.0,1.0,4.0,equilibrium
496,2,1.0,4,5.0,1.0,4.0,1.25,supercritical
496,3,4.0,5,8.0,4.0,1.25,1.6,supercritical
496,4,5.0,8,15.0,1.25,1.6,1.875,supercritical
496,5,8.0,15,18.0,1.6,1.875,1.2,supercritical
496,6,15.0,18,22.0,1.875,1.2,1.2222222222222223,supercritical
496,7,18.0,22,31.0,1.2,1.2222222222222223,1.4090909090909092,supercritical
496,8,22.0,31,37.0,1.2222222222222223,1.4090909090909092,1.1935483870967742,supercritical
496,9,31.0,37,50.0,1.4090909090909092,1.1935483870967742,1.351351351351351,supercritical
496,10,37.0,50,41.0,1.1935483870967742,1.351351351351351,0.82,supercritical
496,11,50.0,41,55.0,1.351351351351351,0.82,1.3414634146341464,extinguished
496,12,41.0,55,35.0,0.82,1.3414634146341464,0.6363636363636364,supercritical
496,13,55.0,35,38.0,1.3414634146341464,0.6363636363636364,1.0857142857142856,extinguished
496,14,35.0,38,38.0,0.6363636363636364,1.0857142857142856,1.0,supercritical
496,15,38.0,38,39.0,1.0857142857142856,1.0,1.0263157894736843,equilibrium
496,16,38.0,39,37.0,1.0,1.0263157894736843,0.9487179487179488,equilibrium
496,17,39.0,37,44.0,1.0263157894736843,0.9487179487179488,1.1891891891891893,extinguished
496,18,37.0,44,37.0,0.9487179487179488,1.1891891891891893,0.8409090909090909,supercritical
496,19,44.0,37,-1.0,1.1891891891891893,0.8409090909090909,-1.0,extinguished
497,0,-1.0,4,4.0,-1.0,-1.0,1.0,initial
497,1,4.0,4,8.0,-1.0,1.0,2.0,equilibrium
497,2,4.0,8,16.0,1.0,2.0,2.0,supercritical
497,3,8.0,16,24.0,2.0,2.0,1.5,supercritical
497,4,16.0,24,44.0,2.0,1.5,1.8333333333333333,supercritical
497,5,24.0,44,43.0,1.5,1.8333333333333333,0.9772727272727272,supercritical
497,6,44.0,43,48.0,1.8333333333333333,0.9772727272727272,1.1162790697674418,equilibrium
497,7,43.0,48,40.0,0.9772727272727272,1.1162790697674418,0.8333333333333334,supercritical
497,8,48.0,40,41.0,1.1162790697674418,0.8333333333333334,1.025,extinguished
497,9,40.0,41,50.0,0.8333333333333334,1.025,1.2195121951219512,equilibrium
497,10,41.0,50,65.0,1.025,1.2195121951219512,1.3,supercritical
497,11,50.0,65,50.0,1.2195121951219512,1.3,0.7692307692307693,supercritical
497,12,65.0,50,42.0,1.3,0.7692307692307693,0.84,extinguished
497,13,50.0,42,51.0,0.7692307692307693,0.84,1.2142857142857142,extinguished
497,14,42.0,51,54.0,0.84,1.2142857142857142,1.0588235294117647,supercritical
497,15,51.0,54,40.0,1.2142857142857142,1.0588235294117647,0.7407407407407407,supercritical
497,16,54.0,40,37.0,1.0588235294117647,0.7407407407407407,0.925,extinguished
497,17,40.0,37,63.0,0.7407407407407407,0.925,1.7027027027027026,extinguished
497,18,37.0,63,66.0,0.925,1.7027027027027026,1.0476190476190477,supercritical
497,19,63.0,66,-1.0,1.7027027027027026,1.0476190476190477,-1.0,equilibrium
498,0,-1.0,5,4.0,-1.0,-1.0,0.8,initial
498,1,5.0,4,8.0,-1.0,0.8,2.0,extinguished
498,2,4.0,8,16.0,0.8,2.0,2.0,supercritical
498,3,8.0,16,27.0,2.0,2.0,1.6875,supercritical
498,4,16.0,27,27.0,2.0,1.6875,1.0,supercritical
498,5,27.0,27,34.0,1.6875,1.0,1.2592592592592593,equilibrium
498,6,27.0,34,41.0,1.0,1.2592592592592593,1.2058823529411764,supercritical
498,7,34.0,41,60.0,1.2592592592592593,1.2058823529411764,1.4634146341463414,supercritical
498,8,41.0,60,52.0,1.2058823529411764,1.4634146341463414,0.8666666666666667,supercritical
498,9,60.0,52,62.0,1.4634146341463414,0.8666666666666667,1.1923076923076923,extinguished
498,10,52.0,62,33.0,0.8666666666666667,1.1923076923076923,0.532258064516129,supercritical
498,11,62.0,33,37.0,1.1923076923076923,0.532258064516129,1.121212121212121,extinguished
498,12,33.0,37,38.0,0.532258064516129,1.121212121212121,1.027027027027027,supercritical
498,13,37.0,38,51.0,1.121212121212121,1.027027027027027,1.3421052631578947,equilibrium
498,14,38.0,51,69.0,1.027027027027027,1.3421052631578947,1.3529411764705883,supercritical
498,15,51.0,69,32.0,1.3421052631578947,1.3529411764705883,0.463768115942029,supercritical
498,16,69.0,32,44.0,1.3529411764705883,0.463768115942029,1.375,extinguished
498,17,32.0,44,36.0,0.463768115942029,1.375,0.8181818181818182,supercritical
498,18,44.0,36,37.0,1.375,0.8181818181818182,1.0277777777777777,extinguished
498,19,36.0,37,-1.0,0.8181818181818182,1.0277777777777777,-1.0,equilibrium
499,0,-1.0,4,12.0,-1.0,-1.0,3.0,initial
499,1,4.0,12,17.0,-1.0,3.0,1.4166666666666667,supercritical
499,2,12.0,17,20.0,3.0,1.4166666666666667,1.1764705882352942,supercritical
499,3,17.0,20,27.0,1.4166666666666667,1.1764705882352942,1.35,supercritical
499,4,20.0,27,45.0,1.1764705882352942,1.35,1.6666666666666667,supercritical
499,5,27.0,45,58.0,1.35,1.6666666666666667,1.288888888888889,supercritical
499,6,45.0,58,48.0,1.6666666666666667,1.288888888888889,0.8275862068965517,supercritical
499,7,58.0,48,41.0,1.288888888888889,0.8275862068965517,0.8541666666666666,extinguished
499,8,48.0,41,53.0,0.8275862068965517,0.8541666666666666,1.2926829268292683,extinguished
499,9,41.0,53,51.0,0.8541666666666666,1.2926829268292683,0.9622641509433962,supercritical
499,10,53.0,51,40.0,1.2926829268292683,0.9622641509433962,0.7843137254901961,equilibrium
499,11,51.0,40,43.0,0.9622641509433962,0.7843137254901961,1.075,extinguished
499,12,40.0,43,41.0,0.7843137254901961,1.075,0.9534883720930232,supercritical
499,13,43.0,41,40.0,1.075,0.9534883720930232,0.975609756097561,equilibrium
499,14,41.0,40,43.0,0.9534883720930232,0.975609756097561,1.075,equilibrium
499,15,40.0,43,54.0,0.975609756097561,1.075,1.255813953488372,supercritical
499,16,43.0,54,36.0,1.075,1.255813953488372,0.6666666666666666,supercritical
499,17,54.0,36,34.0,1.255813953488372,0.6666666666666666,0.9444444444444444,extinguished
499,18,36.0,34,50.0,0.6666666666666666,0.9444444444444444,1.4705882352941178,extinguished
499,19,34.0,50,-1.0,0.9444444444444444,1.4705882352941178,-1.0,supercritical
500,0,-1.0,1,1.0,-1.0,-1.0,1.0,initial
500,1,1.0,1,2.0,-1.0,1.0,2.0,equilibrium
500,2,1.0,2,6.0,1.0,2.0,3.0,supercritical
500,3,2.0,6,15.0,2.0,3.0,2.5,supercritical
500,4,6.0,15,25.0,3.0,2.5,1.6666666666666667,supercritical
500,5,15.0,25,34.0,2.5,1.6666666666666667,1.36,supercritical
500,6,25.0,34,58.0,1.6666666666666667,1.36,1.7058823529411764,supercritical
500,7,34.0,58,65.0,1.36,1.7058823529411764,1.1206896551724137,supercritical
500,8,58.0,65,46.0,1.7058823529411764,1.1206896551724137,0.7076923076923077,supercritical
500,9,65.0,46,57.0,1.1206896551724137,0.7076923076923077,1.2391304347826086,extinguished
500,10,46.0,57,59.0,0.7076923076923077,1.2391304347826086,1.0350877192982455,supercritical
500,11,57.0,59,49.0,1.2391304347826086,1.0350877192982455,0.8305084745762712,equilibrium
500,12,59.0,49,61.0,1.0350877192982455,0.8305084745762712,1.2448979591836735,extinguished
500,13,49.0,61,51.0,0.8305084745762712,1.2448979591836735,0.8360655737704918,supercritical
500,14,61.0,51,31.0,1.2448979591836735,0.8360655737704918,0.6078431372549019,extinguished
500,15,51.0,31,55.0,0.8360655737704918,0.6078431372549019,1.7741935483870968,extinguished
500,16,31.0,55,51.0,0.6078431372549019,1.7741935483870968,0.9272727272727272,supercritical
500,17,55.0,51,59.0,1.7741935483870968,0.9272727272727272,1.156862745098039,extinguished
500,18,51.0,59,57.0,0.9272727272727272,1.156862745098039,0.9661016949152542,supercritical
500,19,59.0,57,-1.0,1.156862745098039,0.9661016949152542,-1.0,equilibrium
